{"mat": [[1.0, -0.9914594699454771, 0.8783027438670201, -0.9915624298009718, -0.9987608873831153, -0.9993708931390688, -0.9975519037953999, -0.999639495865897, -0.9939169205752212, 0.9290688644051516, 0.9963208358411969, -0.9987064466390168, -0.9351025612537471, -0.9969082777549478, -0.956815849952708, -0.9242782149913085, -0.5018644616454075, -0.8658033717130542, -0.8458423017157264, -0.8884893251397954, -0.9819058301648904, -0.8228257475362986, -0.9999895954528868, -0.9890263761207441, -0.9974501568842968, -0.9572522831624424, -0.9248792364448626, -0.9999923866528986, -0.9469673948964867, -0.9982292822850429, -0.9999971516187625, -0.6714466368637453, -0.9959515103357839, -0.9586815920491643, -0.9664906228908703, -0.9578942012316793, -0.9624613729060407, -0.9330136422127393, -0.9743252559987081, -0.9725480566860827, -0.948044659015471, -0.9832673689340725, -0.986963688346693, -0.8976581569051407, -0.9989734682931837, -0.9819881413968092, -0.6911170849403887, -0.774852185921008, -0.8871513278266454, 0.1997502565030178, -0.9651507587507622, -0.9306528256290454, -0.9955480826163774, -0.5315490078079259, -0.7689322082495067, -0.5784054333905306, -0.5698814062633406, -0.48125023996386496, 0.21863849835617888, -0.801285896067101, -0.6079688093976063, -0.988787984167254, -0.9978703520746541, -0.9907562188898822, -0.9999946596068701, 0.9015986121443612, -0.9386843498083759, 0.6876581725251679, 0.9688183848233375, 0.8812604956650371, -0.8938059854496245, -0.28582969320842055, 0.9132825087033777, 0.9995365582937992, 0.8496150197768488, 0.8691685432093743, 0.9591400917161904, -0.6476514951660104, -0.4809699859470127, -0.36055047350081315, 0.0, -0.5829864247739729, 0.2393641915329623, 0.26588862764946], [-0.9914594699454771, 1.0, -0.9331537092722488, 0.9661882356586379, 0.983740652144069, 0.9954610054839267, 0.979912353450563, 0.9876005044289965, 0.9710654007510884, -0.8728926607477983, -0.9766349169441362, 0.9835457229429088, 0.9733324564434356, 0.9781469000284313, 0.9865551420051499, 0.9661664076185719, 0.610380398467654, 0.923666670711344, 0.9081861256996309, 0.9407483280069583, 0.9982165373963131, 0.8899125121542103, 0.9920440674617566, 0.9998469817840476, 0.9796241222340983, 0.9867999968574549, 0.9665720795344933, 0.9909430243340275, 0.9807860577232274, 0.997461441010237, 0.9917679192092431, 0.762356675988538, 0.9991688506052624, 0.9875946222098435, 0.9917141080919701, 0.9871582665955716, 0.989638560320437, 0.9719739400014696, 0.9953663349058706, 0.9945898701149547, 0.9814377851861363, 0.9986272532654237, 0.9995239173939569, 0.9474646657861309, 0.9963493973991782, 0.9982424200534987, 0.779471213639686, 0.8506755109515182, 0.9397584037198844, 0.0, 0.9910367956798105, 0.9704239189364922, 0.999337864226998, 0.6374745474439542, 0.8457434991726975, 0.679851655795042, 0.6721799861595554, 0.5914598720228196, 0.0, 0.8724674973336973, 0.7063209893704455, 0.9998176177341551, 0.9978548002182636, 0.9999860280406438, 0.9918803906047404, -0.837484314235375, 0.9756317395702304, -0.5870992736449807, -0.9282309390859398, -0.8120958234906932, 0.9446575993177174, 0.40836287219383594, -0.9586041803314578, -0.994969985121662, -0.9111402635955548, -0.7972529935141615, -0.9140499524302892, 0.7414883213203423, 0.5912020697817181, 0.47911459878565, 0.106236669193295, 0.6839673850561068, -0.11069590157565101, -0.13789707369939097], [0.8783027438670201, -0.9331537092722488, 1.0, -0.8089152452254664, -0.8534208911813499, -0.8947065362927855, -0.8427187183513902, -0.8651493891660467, -0.8203050984938267, 0.6391494783584759, 0.8340968918503492, -0.852856337455657, -0.9907326191929748, -0.83802062443492, -0.979356562254178, -0.9942980564762336, -0.8543239822107409, -0.9996736952485461, -0.9979425583945365, -0.9997636506697312, -0.95294923775917, -0.9943941363778104, -0.8804745702852159, -0.9392993435290786, -0.8419425125625188, -0.9790512169316712, -0.9941285974510417, -0.876430428506993, -0.9853533464140536, -0.9051869232437411, -0.8794413768909219, -0.9440344463414501, -0.9177247957213999, -0.9780245705188451, -0.9716018105017397, -0.9785952526796391, -0.9750990691657773, -0.9915101841318394, -0.9633954982392505, -0.965447650060361, -0.9847732126865609, -0.9507019729986284, -0.9438005941364684, -0.9991128384014072, -0.8990588659333245, -0.9528172407016184, -0.9525569087582464, -0.9827852052039745, -0.9998226348663855, -0.2930283729207779, -0.9728119823801193, -0.9923351498582105, -0.9194564152449725, -0.871828964337602, -0.981022223918826, -0.898028880828345, -0.8934000802219031, -0.8417821518509747, -0.2745067966975403, -0.98981297829752, -0.9135772706256149, -0.9398488000727014, -0.9076183452269639, -0.9350409354926017, -0.8798605684812881, 0.5850609667346105, -0.9892889660480968, 0.25685136482577153, 0.7324548656007832, 0.5480463794310967, -0.9994402326896563, -0.7092035686686433, 0.9968834332500218, 0.8924498039815999, 0.9983733372356973, 0.5269626112601674, 0.7071443964610457, -0.9331197527029955, -0.8416095379893433, -0.7626198880908337, -0.456578426025664, -0.9004901468382529, -0.2539720897736597, -0.22736420183701478], [-0.9915624298009718, 0.9661882356586379, -0.8089152452254664, 1.0, 0.9967849866423274, 0.9863412071074021, 0.9982000131705349, 0.9946854273884214, 0.9998071500012315, -0.9691808154778161, -0.9990238319060714, 0.9968711100733566, 0.881274636394665, 0.9986823552245295, 0.9110598782515551, 0.8669972370416216, 0.3855069227405803, 0.7936332475602415, 0.7695565014163043, 0.8215057595955924, 0.9490729089665824, 0.7422151544779969, 0.9909607813981113, 0.961529977182424, 0.9982853501104041, 0.9116793490919265, 0.8677822586692274, 0.9920607142621352, 0.8973233131556614, 0.9820957896325212, 0.9912502060947657, 0.5697185389683234, 0.9758953832677231, 0.9137153270659151, 0.9250595096909426, 0.9125923422990667, 0.9191565212135381, 0.8784950704719545, 0.9369187553800478, 0.9341769283621113, 0.8988053175618154, 0.9513565000570936, 0.9577730535490941, 0.8329571226734099, 0.9846724335925284, 0.9492099157998877, 0.5915965546610754, 0.6863696624996342, 0.8198444326189871, -0.325082437125239, 0.923083762042012, 0.8753683004003764, 0.9749297891713308, 0.4172638101886317, 0.6795678723796136, 0.46777946225865785, 0.4585524926015503, 0.36355813279162563, -0.3432874840389628, 0.7169697167727253, 0.49991784370823966, 0.9610878509219986, 0.9809951745126719, 0.964811758884506, 0.9911334849716166, -0.9500658480001802, 0.8860705815030293, -0.7759719039286859, -0.9927625994761051, -0.9350919578630155, 0.8281313425679524, 0.15919605238299606, -0.8527748431815065, -0.9871568001711624, -0.7740790119361767, -0.9259389984640487, -0.9877237137403705, 0.5434170032244081, 0.36326030593662284, 0.23659721645554066, -0.15373397001424838, 0.4727453737531315, -0.36320621734703695, -0.38860902087300886], [-0.9987608873831153, 0.983740652144069, -0.8534208911813499, 0.9967849866423274, 1.0, 0.9963675600789438, 0.9997959836544217, 0.9997370155585793, 0.9981662355490146, -0.9463265559296867, -0.9993513462312498, 0.9999994144481291, 0.9163078032414296, 0.9995833413905276, 0.9411634307032748, 0.9041361427284366, 0.4581973738079308, 0.8398282387375563, 0.8182471915354855, 0.8645507427442968, 0.9712648914896336, 0.7935242666005083, 0.9985234772181352, 0.9804484273558821, 0.9997658567141557, 0.9416710069433513, 0.9048090059458722, 0.9989474783594853, 0.9298025903436163, 0.9940320814336416, 0.9986392608256245, 0.6337351386326767, 0.9902438124859487, 0.9433360813946593, 0.9525179139342159, 0.9424182775813666, 0.9477612566592611, 0.9139495593409381, 0.9619133091567763, 0.9597622243207498, 0.9310373932663014, 0.9729831392515588, 0.977731178702328, 0.8746142017006535, 0.9954812560383582, 0.9713683655805533, 0.6542924394563288, 0.7424326323446352, 0.8630859395239062, -0.24826614673321812, 0.9509312474060791, 0.9112899630516927, 0.9896237561927892, 0.4887368876923526, 0.7361622765869268, 0.5370918496229582, 0.5282809059580087, 0.4370295654195757, -0.2669298822924846, 0.7705187179904968, 0.5677029291104451, 0.9801313428120746, 0.9933876925769448, 0.9827775359570676, 0.9985929100580901, -0.9220090414884357, 0.9203628835672427, -0.7229381802934496, -0.9799486157252735, -0.9036896290833127, 0.8703805465645086, 0.237785396325084, -0.8918796835734908, -0.996783070830112, -0.8223153089404858, -0.892701801489276, -0.9720320823334676, 0.6089301714932176, 0.43674200445020617, 0.313684658012909, 0.0, 0.5418297786499764, -0.2873872296994562, -0.31353411225585304], [-0.9993708931390688, 0.9954610054839267, -0.8947065362927855, 0.9863412071074021, 0.9963675600789438, 1.0, 0.9944442200436225, 0.9980583901607424, 0.9893857132247941, -0.9153653662008017, -0.9926545680739909, 0.9962748220382799, 0.9470825276231555, 0.9934944289443264, 0.9665236113027139, 0.9372347058496499, 0.532224685687351, 0.8830051855593972, 0.8642287680033952, 0.9042054972777371, 0.988004246341814, 0.8424630545371335, 0.9995222786842877, 0.9936438460319307, 0.9942915873941638, 0.9669086848520325, 0.9377836208112462, 0.9992248926153129, 0.9577678420549095, 0.9997109190365818, 0.9994526957073107, 0.6973062069557465, 0.9985130391667734, 0.9681678153146904, 0.9749867177933792, 0.9674745532885592, 0.9714819436324641, 0.9451887002932274, 0.981697234821607, 0.9801891704587804, 0.9587312079852255, 0.9891095194681181, 0.9920507467257773, 0.9127229129978466, 0.9999515733072554, 0.9880713515063716, 0.7163148993432075, 0.7967841143922185, 0.9029598907850398, -0.16487360948522234, 0.9738247621572583, 0.9430443774126133, 0.9982646007053575, 0.5612550559981, 0.7911227837377447, 0.606972703408801, 0.5986660354837384, 0.5120361465360928, -0.1838932826378903, 0.8220002959941681, 0.6357447346679229, 0.9934618944241783, 0.999555962186118, 0.994944009370662, 0.999481463175145, -0.8856898711731978, 0.950321611071839, -0.6614762156148242, -0.9594214817944193, -0.8639438902210472, 0.9091484289562116, 0.31963599007155274, -0.9271540956589037, -0.9999873634939145, -0.8677852663460046, -0.8510833738863521, -0.9485023149657437, 0.6742666939627332, 0.5117615235677202, 0.39340394247588373, 0.0, 0.6114349268421619, -0.20477887057673527, -0.2315322592203619], [-0.9975519037953999, 0.979912353450563, -0.8427187183513902, 0.9982000131705349, 0.9997959836544217, 0.9944442200436225, 1.0, 0.999069844069246, 0.9991852736095354, -0.9526619824091891, -0.9998748673532178, 0.999817256852502, 0.9080317569770955, 0.99996243247979, 0.9341452016208418, 0.8953218634074493, 0.4401501910489458, 0.8286919427768306, 0.8064686480036832, 0.8542235491742679, 0.9662594041791662, 0.7810706318526279, 0.9972225261502426, 0.9762737585168872, 0.9999989629269047, 0.93468129402832, 0.896023409541306, 0.9978171850379539, 0.9221785572209514, 0.9916258344537358, 0.9973821544371387, 0.6179810709990483, 0.9872271745385462, 0.9364408821103141, 0.9461734059807433, 0.9354707960920614, 0.9411248768263452, 0.9055658686822223, 0.9561956295036941, 0.9538943155373023, 0.9234764278665861, 0.9681212155807286, 0.9732927625958799, 0.8646429983726723, 0.9933601199940236, 0.9663713945406508, 0.6388837881374141, 0.7287495765930749, 0.8527083144612452, -0.26778189866956037, 0.9444876908503888, 0.9027868861270365, 0.986519633028057, 0.4710151231912061, 0.7223414447938606, 0.5199441157046611, 0.5110229493270595, 0.41877266142367997, -0.2863413192179667, 0.7574864607251283, 0.5509587889819895, 0.9759249589818589, 0.9908660413547347, 0.9788444460429649, 0.9973180353784052, -0.9296412682002524, 0.9122760666787393, -0.7367462892017325, -0.9837733063593845, -0.9121541427460724, 0.8602575024718576, 0.21811744282757262, -0.8825623640195213, -0.9949608424857717, -0.8106537839420898, -0.9016222166694394, -0.9765774191054841, 0.592783779158946, 0.41848233805173507, 0.2944413615162972, 0.0, 0.5247423919675248, -0.306675290408579, -0.3326504501725749], [-0.999639495865897, 0.9876005044289965, -0.8651493891660467, 0.9946854273884214, 0.9997370155585793, 0.9980583901607424, 0.999069844069246, 1.0, 0.9965155748698749, -0.9386656245447784, -0.9982626798463816, 0.9997116131715242, 0.9252507167488616, 0.9986585375281765, 0.9486659994786056, 0.9136961542959658, 0.47846044175462143, 0.8520563374039993, 0.8312151341561718, 0.8758480066130658, 0.9764674243923503, 0.8072708959087356, 0.9995066175348454, 0.9847031560815961, 0.9990067051248621, 0.9491409491044679, 0.9143361198292669, 0.999736654303346, 0.9379985722137534, 0.9962723304998229, 0.9995725652326615, 0.6513079168652156, 0.9931789368831451, 0.9506978948334175, 0.959249963735385, 0.9498399030837442, 0.9548270331374005, 0.9230158523092241, 0.9679290483020889, 0.9659495886402805, 0.9391611610453718, 0.9780218286684622, 0.9822866943761335, 0.8855023179062461, 0.9973970903233501, 0.9765611784365387, 0.6714628846489559, 0.7576003437089319, 0.8744411848203019, -0.22598632700964139, 0.9577765358850627, 0.9204931155561875, 0.9926585127907727, 0.5086153898766336, 0.7514895120716636, 0.5562947146526864, 0.5476132693035831, 0.45754120824896516, -0.24475926431256356, 0.7849336597269142, 0.5864324371304054, 0.9844222356867728, 0.9957592834797788, 0.9867568383314441, 0.9995464104519834, -0.912887827983285, 0.9290889516011015, -0.7069037003377312, -0.9751215946216227, -0.8936325474780125, 0.8814431477633041, 0.2599976094969427, -0.9020168793044225, -0.9983588991940502, -0.8351483835355742, -0.882132551129043, -0.9663907980761093, 0.6269606407062385, 0.45725692577844645, 0.33537720015818384, 0.0, 0.5609617855780671, -0.26534656727960604, -0.29167548110843233], [-0.9939169205752212, 0.9710654007510884, -0.8203050984938267, 0.9998071500012315, 0.9981662355490146, 0.9893857132247941, 0.9991852736095354, 0.9965155748698749, 1.0, -0.9641560049375344, -0.9996986815177782, 0.9982311576927186, 0.8903858313260614, 0.9994975606933916, 0.9189805417577471, 0.8766160554697531, 0.4035529337393684, 0.8054280675281111, 0.7819486927359723, 0.8325450948262475, 0.9550770546329823, 0.755232853868676, 0.9934041896143587, 0.966739187458259, 0.9992423609114742, 0.9195729556908652, 0.8773740540583529, 0.9943391049002184, 0.9058180961197276, 0.9856058988704637, 0.9936512267874933, 0.5857482064118286, 0.9799930219754421, 0.9215192361983868, 0.9323401740757605, 0.9204458733401492, 0.9267146404566847, 0.8877078779934058, 0.9436025832169356, 0.9410039164677984, 0.9072403929745433, 0.9572234380422348, 0.9632348542746243, 0.8436630951920615, 0.9879077313539388, 0.9552059240648778, 0.6073155330986557, 0.7005193050867156, 0.8309309474642725, -0.3064480863425114, 0.9304586151052083, 0.8846937522288167, 0.9791115452027855, 0.435030340812556, 0.6938437224588214, 0.48504646813279384, 0.4759159757861141, 0.38178250096688826, -0.3247763936018435, 0.7305213924588696, 0.5168296321889534, 0.9663274460371756, 0.9846164506774963, 0.9697894202605978, 0.9935516841112109, -0.9437545064577648, 0.8950030433385979, -0.763435057222388, -0.9902127153531939, -0.9279517103536667, 0.8389795740018058, 0.17855320345008863, -0.8628670515716315, -0.990103730723018, -0.786362522199419, -0.9183435736693362, -0.9844655135279208, 0.559797829088978, 0.3814870130473875, 0.25563231404057474, -0.13429947765862438, 0.489959456163795, -0.34483899705418897, -0.37043929446615764], [0.9290688644051516, -0.8728926607477983, 0.6391494783584759, -0.9691808154778161, -0.9463265559296867, -0.9153653662008017, -0.9526619824091891, -0.9386656245447784, -0.9641560049375344, 1.0, 0.9573523327229035, -0.9466757739402911, -0.7376881364530012, -0.9552615277882672, -0.7814178539836798, -0.7175174682937453, -0.14631713069146102, -0.6192953698298451, -0.5885252372434073, -0.655718538949515, -0.8422089376153372, -0.5542460559379703, -0.9273717988896413, -0.8642239314546831, -0.9530988573176362, -0.7823561469756917, -0.7186153845782552, -0.9305052163657477, -0.7609358924713705, -0.905420353114248, -0.928183329138017, -0.3496996497297553, -0.8920558403049674, -0.7854496522154977, -0.8029805580273113, -0.7837415171386408, -0.79379327376751, -0.7337262909780011, -0.8219325711696777, -0.8174860200019869, -0.7631176321792714, -0.8461378123009362, -0.8574232891403946, -0.6709711087120509, -0.9113586955179644, -0.8424434692884102, -0.37474787939710574, -0.48605724201215916, -0.6535205923645382, 0.5480337599929741, -0.7998889416483013, -0.7292903957124874, -0.8900671406051504, -0.18052438133313453, -0.47789833651178704, -0.2356272079376005, -0.22549667885979274, -0.12286050105035229, 0.5640874751799136, -0.5231413293995002, -0.2711533469164298, -0.8634153415253234, -0.9029617995427279, -0.8703012714065761, -0.9278549945257382, 0.9976591274132234, -0.7445667695318585, 0.9074469367729362, 0.9917515257893643, 0.9935810633402632, -0.664521178589796, 0.0, 0.6978294160893753, 0.9173778760696258, 0.5942607642657954, 0.9904422540326502, 0.9957655165127366, -0.31986726654616016, -0.12254323295919889, 0.0, 0.392417923233531, -0.24109195310877896, 0.5815393793005728, 0.6036203950434639], [0.9963208358411969, -0.9766349169441362, 0.8340968918503492, -0.9990238319060714, -0.9993513462312498, -0.9926545680739909, -0.9998748673532178, -0.9982626798463816, -0.9996986815177782, 0.9573523327229035, 1.0, -0.9993897326966077, -0.9012914148445197, -0.9999744255144107, -0.9283825162301027, -0.8881636093214962, -0.42589059963257014, -0.8197341162968144, -0.7970141580205816, -0.8458921209132826, -0.9620639074120125, -0.7710946604146605, -0.9959195249807, -0.9727260886453624, -0.9998966131678215, -0.9289407891795292, -0.8888874194516418, -0.9966476701171443, -0.9159448278948559, -0.9894587825861769, -0.9961134460482706, -0.6054667341775035, -0.9845833301220273, -0.9307738970830308, -0.9409349382683843, -0.9297631410965606, -0.93565925939239, -0.8987419242160066, -0.9514452254924937, -0.9490269108039517, -0.9172917221165373, -0.9640376244794533, -0.969539380557392, -0.8565874057797376, -0.9914158670890827, -0.9621825356357323, -0.6266340188682924, -0.7178256546401727, -0.8443378209928387, 0.2829899437588701, -0.9391721305716239, -0.8958702325371988, -0.9838074735574995, -0.4570015988804008, -0.7113114452149829, -0.5063662199096324, -0.49736127111170614, -0.40435491136028245, 0.3014623790721691, -0.747064043364646, -0.5376881431155907, -0.9723525499522605, -0.9886088237079194, -0.9754852434461037, -0.9960354294937352, 0.9353538050024721, -0.9056827158803415, 0.7473506098096292, 0.9864884353775004, 0.9185234920864944, -0.8520842407703861, -0.20265175699877025, 0.8750137744171951, 0.9932502319426876, 0.8012897480897306, 0.9083516194985777, 0.9798589937291703, -0.5799693606762077, -0.40406250724805526, -0.27928651265174587, 0.10993456957546355, -0.5112103918034725, 0.3216939310847735, 0.34752720036171336], [-0.9987064466390168, 0.9835457229429088, -0.852856337455657, 0.9968711100733566, 0.9999994144481291, 0.9962748220382799, 0.999817256852502, 0.9997116131715242, 0.9982311576927186, -0.9466757739402911, -0.9993897326966077, 1.0, 0.9158738828306936, 0.9996139922366595, 0.9407971565457093, 0.9036732598958629, 0.4572352134727071, 0.8392402857092001, 0.8176246060389557, 0.8640063941372259, 0.9710067638794754, 0.7928652564942064, 0.9984641067455718, 0.9802349068843933, 0.9997886881265019, 0.9413062658258444, 0.9043476667970177, 0.99889725547483, 0.9294037419523045, 0.9939134468907219, 0.9985822405842266, 0.6328976507179273, 0.9900924362962622, 0.9429764211878209, 0.9521878526873925, 0.9420558067956034, 0.9474155088053267, 0.9135098473517338, 0.9616169282123754, 0.9594577724105582, 0.9306419365808135, 0.9727327210175629, 0.9775034995323373, 0.8740890298201797, 0.995377911661041, 0.9711106953106421, 0.6534736703143456, 0.7417072259375381, 0.8625388738334897, -0.2493142957734431, 0.9505958630929501, 0.9108438272811483, 0.989467686459034, 0.4877924779738292, 0.7354294237904542, 0.5361786945352504, 0.5273617544028201, 0.4360559500290411, -0.26797263559993745, 0.76982846947135, 0.566811713731431, 0.9799161198901638, 0.9932628684416451, 0.9825769824722104, 0.998534937378831, -0.922427485627598, 0.9199391433057055, -0.723685445662249, -0.9801636657467769, -0.9041524745221099, 0.8698471958289891, 0.23673412104043123, -0.891389722941281, -0.9966957542728438, -0.8216990349420512, -0.8931889587528943, -0.9722856599752863, 0.6080714076888133, 0.43576823808572396, 0.31265691942549645, 0.0, 0.5409199057540154, -0.2884235846009684, -0.314561537380847], [-0.9351025612537471, 0.9733324564434356, -0.9907326191929748, 0.881274636394665, 0.9163078032414296, 0.9470825276231555, 0.9080317569770955, 0.9252507167488616, 0.8903858313260614, -0.7376881364530012, -0.9012914148445197, 0.9158738828306936, 1.0, 0.9043666220803835, 0.9977365384029234, 0.9995676159163579, 0.7758119833583473, 0.9869397637775634, 0.9799858073936023, 0.993451378927504, 0.9852910144804164, 0.9708168128396988, 0.9367093897119133, 0.9771964488703134, 0.9074275180768496, 0.9976342006884802, 0.9996127572911597, 0.9337126152857635, 0.9993835430427115, 0.9545263941331044, 0.9359457207811385, 0.8904837248569741, 0.9631725177586018, 0.9972792956171371, 0.9947371646491353, 0.9974785993577794, 0.9961846905735797, 0.9999828916677777, 0.99088031637057, 0.9918965050845236, 0.9992595848976729, 0.9840121190772849, 0.9799468340765581, 0.995573797317226, 0.950195621686676, 0.9852165607576526, 0.9023889309874805, 0.9485831387412837, 0.9931149819728662, 0.16044840413429062, 0.9952535117414455, 0.9999236729688628, 0.9643414040250661, 0.7972200863938798, 0.9455945663822756, 0.8299514059727556, 0.8240988589051028, 0.7606594522636065, 0.14135395240645976, 0.961301863782985, 0.849874835131786, 0.9775359871062368, 0.9562266240158394, 0.9745315023424131, 0.936255722753913, -0.6897929407547387, 0.9999475105983014, -0.3857408103297659, -0.818139824553493, -0.6565793424322828, 0.9947220878804549, 0.6068728146087192, -0.9983601166629068, -0.9454568744563798, -0.9813769118163496, -0.6375165464631944, -0.796629851785017, 0.8756335677097484, 0.7604518903232191, 0.6676933560606569, 0.3315044606857944, 0.8330771577923344, 0.1202453350021303, 0.0], [-0.9969082777549478, 0.9781469000284313, -0.83802062443492, 0.9986823552245295, 0.9995833413905276, 0.9934944289443264, 0.99996243247979, 0.9986585375281765, 0.9994975606933916, -0.9552615277882672, -0.9999744255144107, 0.9996139922366595, 0.9043666220803835, 1.0, 0.9310165702606095, 0.8914273452070184, 0.4323504798329916, 0.8238093073207554, 0.8013131834836156, 0.8496849317538449, 0.9639904885659812, 0.7756286411922135, 0.99653947504529, 0.9743601215072061, 0.9999738789567709, 0.9315648328203123, 0.8921411123494146, 0.9972072943916738, 0.91879145262834, 0.990469164705752, 0.9967178985561924, 0.6111431612435324, 0.9858091162681129, 0.9333647596592931, 0.943332385610841, 0.93237235899943, 0.9381592362778715, 0.9018548485558774, 0.9536223478501945, 0.9512568535499226, 0.9201162253250214, 0.9659136749092995, 0.9712663159202408, 0.8602558444355645, 0.9923255837512569, 0.9641061195277478, 0.6321914926027523, 0.7227865471665053, 0.8481482448085663, -0.2761232464960588, 0.9416043763750083, 0.8990249811207761, 0.985064120494748, 0.46335119792211743, 0.7163200928995035, 0.5125204039883434, 0.5035530536090574, 0.41088562662242945, -0.2946355799256426, 0.7517991148768955, 0.5437043921734224, 0.9739977556656272, 0.9896599429081088, 0.9770341568699739, 0.9966461625607846, -0.9328001935777137, 0.9086916053029644, -0.7425796236512683, -0.9852915196993082, -0.9156724178206179, 0.8558057373634533, 0.20964998571093962, -0.8784535711219408, -0.9940543771054431, -0.8055480122952923, -0.9053374518339108, -0.978405785776205, 0.5857806625759715, 0.4105941541371163, 0.28614658923863323, -0.10282330122341587, 0.5173439768890729, -0.3149140621785982, -0.3408122800841744], [-0.956815849952708, 0.9865551420051499, -0.979356562254178, 0.9110598782515551, 0.9411634307032748, 0.9665236113027139, 0.9341452016208418, 0.9486659994786056, 0.9189805417577471, -0.7814178539836798, -0.9283825162301027, 0.9407971565457093, 0.9977365384029234, 0.9310165702606095, 1.0, 0.9953278967344915, 0.7316272006988593, 0.9738734922113429, 0.9643814952878714, 0.9835196940127098, 0.9945518803904275, 0.9524927191079002, 0.9581319530395372, 0.9892630771998858, 0.9336302391171639, 0.9999988673763475, 0.9954789720436297, 0.955674236073675, 0.9994822545443365, 0.9724131717738302, 0.957506951124854, 0.8578709639443041, 0.9790733501696698, 0.9999789560580935, 0.9993754436383877, 0.9999930342214208, 0.9997982810827588, 0.9973261246863978, 0.9976983300005408, 0.9981946772038511, 0.9995849866723148, 0.9937611624817665, 0.9911278090234994, 0.9870005268723555, 0.9690018618442604, 0.9945064250349672, 0.871369312176597, 0.9251513381572428, 0.9829898586937978, 0.0, 0.9995447579025732, 0.9968295744181211, 0.9799556328258396, 0.7548209622358388, 0.921576482934459, 0.7905615551336127, 0.7841432609660214, 0.7152859954899485, 0.0, 0.9406003668848164, 0.8125144499168879, 0.9894963638516822, 0.9737397578365725, 0.9874052719917874, 0.9577607721037612, -0.7369169663523918, 0.9983731385545581, -0.44690780329903035, -0.8549547860020281, -0.7058127045725637, 0.9855709085490515, 0.5520534576356716, -0.9922509138483258, -0.9652215276050091, -0.9662385014129034, -0.6878810496165546, -0.835473718424788, 0.8411742044814168, 0.71506255375333, 0.616122929449059, 0.26731220425750646, 0.7939948609311529, 0.0, 0.0], [-0.9242782149913085, 0.9661664076185719, -0.9942980564762336, 0.8669972370416216, 0.9041361427284366, 0.9372347058496499, 0.8953218634074493, 0.9136961542959658, 0.8766160554697531, -0.7175174682937453, -0.8881636093214962, 0.9036732598958629, 0.9995676159163579, 0.8914273452070184, 0.9953278967344915, 1.0, 0.7940292543950606, 0.9912496709332382, 0.9854154066327774, 0.9963813728207119, 0.9798403341993843, 0.977448723692865, 0.9260098831066131, 0.9705304112609658, 0.8946794461398104, 0.9951814508571607, 0.9999987557088909, 0.9227816581384468, 0.9979191340501635, 0.9453476338265321, 0.9251866656234613, 0.9034778493324015, 0.954849850963227, 0.9946805686147131, 0.9912943579320762, 0.9949605820509405, 0.9931878882938533, 0.9997225115865107, 0.9864898673905915, 0.9877319207709863, 0.997696227893992, 0.9783497933768678, 0.9736641525462165, 0.997906782337715, 0.9406209691686219, 0.9797533063146032, 0.9146694954984427, 0.9574801029362048, 0.9961300385786157, 0.1894018422431928, 0.9919617169017397, 0.9998546079970699, 0.9561423973819506, 0.8146261020144514, 0.9547521431498959, 0.8459950161544069, 0.8403981749592145, 0.7794180406419832, 0.17040135543189505, 0.9689868672578469, 0.8650026923478464, 0.9709159269992717, 0.9472088280830316, 0.9675163179252567, 0.9255207928596854, -0.6682061647331916, 0.9992138846770467, -0.35844590003821875, -0.8008783425344146, -0.6341174558399221, 0.9973089849248443, 0.6299804918075094, -0.9996116824405976, -0.9354698781394242, -0.9866008090502825, -0.6145871582667697, -0.7785117852258274, 0.8894562701508408, 0.7792177175992737, 0.689293887268699, 0.3591022099245458, 0.848981839405549, 0.14938375706315254, 0.12222397064078983], [-0.5018644616454075, 0.610380398467654, -0.8543239822107409, 0.3855069227405803, 0.4581973738079308, 0.532224685687351, 0.4401501910489458, 0.47846044175462143, 0.4035529337393684, -0.14631713069146102, -0.42589059963257014, 0.4572352134727071, 0.7758119833583473, 0.4323504798329916, 0.7316272006988593, 0.7940292543950606, 1.0, 0.8673215442235966, 0.8858891072677569, 0.8428227159146419, 0.6565783889486138, 0.9044905663423242, 0.5058048539411905, 0.6241435323689951, 0.4388565538364473, 0.7306003560345701, 0.793069322068204, 0.49848550599907715, 0.753182178458865, 0.5524259293116683, 0.5039274750685426, 0.977946159596192, 0.577584502985843, 0.7271892548248463, 0.7070806663742693, 0.7290776449670752, 0.7177877448076453, 0.77948952032076, 0.6837175966672864, 0.6893621406989608, 0.7509615723313326, 0.6510327218518005, 0.6345291257273148, 0.8316780194914883, 0.540530581078362, 0.656250111883141, 0.9719808098119496, 0.935640042630917, 0.844383942348286, 0.7472673236495632, 0.7107265520054896, 0.7835483865523326, 0.5811557605462649, 0.9993988732783932, 0.9388861295144459, 0.9958605756093919, 0.9967528925723655, 0.999719817280205, 0.7342928113255408, 0.9196183862026709, 0.9918514725368534, 0.6253967143196411, 0.5572148367360866, 0.614559099848258, 0.5046885494896436, 0.0, 0.7693065402730899, 0.2828697241388173, -0.27190609488148065, 0.0, 0.8364579523013639, 0.9723088571644805, -0.8106597671799349, -0.5279619074144599, -0.8825671687329191, 0.0, -0.2366377005891378, 0.9840675843550598, 0.9997121991594305, 0.9877172039834771, 0.8524705703260334, 0.995333357820624, 0.7196737824270966, 0.7003714050686749], [-0.8658033717130542, 0.923666670711344, -0.9996736952485461, 0.7936332475602415, 0.8398282387375563, 0.8830051855593972, 0.8286919427768306, 0.8520563374039993, 0.8054280675281111, -0.6192953698298451, -0.8197341162968144, 0.8392402857092001, 0.9869397637775634, 0.8238093073207554, 0.9738734922113429, 0.9912496709332382, 0.8673215442235966, 1.0, 0.9992546709064815, 0.9988820845326866, 0.9448950930594943, 0.9967706200478419, 0.8680769601870759, 0.9302286839261086, 0.8278850022605644, 0.9735306002217744, 0.9910402038794478, 0.8638442140399185, 0.9806759061320685, 0.894034947832563, 0.8669952167217034, 0.9521520579036968, 0.9072787762569867, 0.9723797475671194, 0.9652404696460867, 0.9730190919025253, 0.9691159733879793, 0.9878651694533898, 0.9562331588485983, 0.9584758920694469, 0.9800111824703305, 0.9424703625899303, 0.9350498959152483, 0.9977110733021874, 0.8875815654342747, 0.9447525472807171, 0.9600207126836946, 0.9871838442354031, 0.9990153037491232, 0.3173556031796474, 0.9665786211281879, 0.9888547116864936, 0.909112642788686, 0.8840562680137853, 0.9856550007465295, 0.9089736489160795, 0.9045845690617192, 0.8552966445480334, 0.2989800886227889, 0.9931268109564466, 0.9236670778949896, 0.9308164816853628, 0.8965988499046571, 0.925679414074124, 0.8674340756000946, -0.5641540349768839, 0.9852374695982992, -0.23208039659855428, -0.7148250141127119, -0.5265012068498618, 0.9982595374391644, 0.7269808660272766, -0.9945430025933524, -0.8806344393671715, -0.9995039554634206, -0.5050809918727701, -0.6888521790053799, 0.9420000686755905, 0.8551309603384298, 0.7788941884939043, 0.4791556326871611, 0.9113048561138027, 0.27859580351282665, 0.2521651444444155], [-0.8458423017157264, 0.9081861256996309, -0.9979425583945365, 0.7695565014163043, 0.8182471915354855, 0.8642287680033952, 0.8064686480036832, 0.8312151341561718, 0.7819486927359723, -0.5885252372434073, -0.7970141580205816, 0.8176246060389557, 0.9799858073936023, 0.8013131834836156, 0.9643814952878714, 0.9854154066327774, 0.8858891072677569, 0.9992546709064815, 1.0, 0.9963128269119886, 0.9315536217309681, 0.9991274842307586, 0.8482668555060701, 0.915369236759222, 0.8056162610576977, 0.9639822880926263, 0.9851457395694412, 0.84375433577385, 0.9723929382194858, 0.8760750768435068, 0.8471130837062221, 0.9632400695852131, 0.8903693317113035, 0.9626451624317869, 0.9544319369364946, 0.963387476037215, 0.9588742383496559, 0.981133481305522, 0.9442253263757358, 0.9467532853371292, 0.9716012069714451, 0.9288637111110453, 0.9206679979370052, 0.994357150488023, 0.8691380610563346, 0.9313953114460727, 0.9701109570811732, 0.9926084262155344, 0.9965580637859772, 0.3537254563530131, 0.9559618317046986, 0.9823705031432288, 0.8923554409776678, 0.9014391054980605, 0.9914353009712795, 0.9243874828842834, 0.9203661003549102, 0.874660276100431, 0.3355934244681187, 0.9969046928722354, 0.937770713431243, 0.9160142471319296, 0.8788360052423101, 0.9103860556826103, 0.8475811199420925, -0.5318611836219764, 0.977894767666383, -0.19435953371623005, -0.6872978319280771, -0.4932904879010831, 0.9952390122093008, 0.7529452828830825, -0.9897745085418919, -0.8616886620781237, -0.999974704901555, -0.47138836804205075, -0.6603562068259581, 0.9542532382688941, 0.8745052690467885, 0.8025230118190962, 0.5126805025175618, 0.9265192604707564, 0.31546169873930907, 0.2893315974368035], [-0.8884893251397954, 0.9407483280069583, -0.9997636506697312, 0.8215057595955924, 0.8645507427442968, 0.9042054972777371, 0.8542235491742679, 0.8758480066130658, 0.8325450948262475, -0.655718538949515, -0.8458921209132826, 0.8640063941372259, 0.993451378927504, 0.8496849317538449, 0.9835196940127098, 0.9963813728207119, 0.8428227159146419, 0.9988820845326866, 0.9963128269119886, 1.0, 0.959314159338232, 0.9918603538426841, 0.8905734264783141, 0.9465364272358591, 0.8534739004100238, 0.98324646123312, 0.9962460513232767, 0.8866918828545354, 0.9888277323730666, 0.9142129290453107, 0.8895820846695056, 0.9366403379598449, 0.9261435245275339, 0.9823260532164068, 0.9765164158075665, 0.982838004350928, 0.9796899562247181, 0.9941027184422596, 0.9689960435952978, 0.9708849386418245, 0.9883198904803092, 0.957219089025504, 0.9507630481249498, 0.9997922581905373, 0.9083649027300021, 0.9591912080419853, 0.9457148681327394, 0.9785363551079771, 0.99999577322555, 0.27217308620066394, 0.977617043477148, 0.9947871907387519, 0.927787232528064, 0.8609742581821046, 0.9765750078765681, 0.8882522588764796, 0.8834218139426813, 0.8298473785544773, 0.2535367196933488, 0.9864837828427454, 0.9045203040247068, 0.9470529695158161, 0.9165303487032785, 0.9425277577443926, 0.8899843221453291, -0.6025538791230935, 0.9922285945937248, -0.27780163897384114, -0.7470829193410693, -0.5661015197766774, 0.9999313339394948, 0.6937089207407097, -0.9983628875411905, -0.9020469610936712, -0.9968978521936878, -0.5453149363700125, -0.7223491941518572, 0.9250821254191703, 0.8296689556729848, 0.748376965761833, 0.43712849092151584, 0.8908229513341209, 0.23288454648719714, 0.20613949906761064], [-0.9819058301648904, 0.9982165373963131, -0.95294923775917, 0.9490729089665824, 0.9712648914896336, 0.988004246341814, 0.9662594041791662, 0.9764674243923503, 0.9550770546329823, -0.8422089376153372, -0.9620639074120125, 0.9710067638794754, 0.9852910144804164, 0.9639904885659812, 0.9945518803904275, 0.9798403341993843, 0.6565783889486138, 0.9448950930594943, 0.9315536217309681, 0.959314159338232, 1.0, 0.9155551022917218, 0.9827594598215428, 0.999108087154819, 0.9658874512658473, 0.9947076469758451, 0.980154276094269, 0.9811594083664688, 0.990682956816287, 0.9914315547212814, 0.982355018909121, 0.7996304467609936, 0.9949534475820323, 0.9952072244049814, 0.9976143819562728, 0.9949340380742348, 0.9964449505402702, 0.9842745711920666, 0.9993313348791414, 0.9990173732216747, 0.991136186126709, 0.9999731417687356, 0.9995831686188196, 0.9648696411491098, 0.9894761590188232, 0.9999999053224514, 0.8154775944113296, 0.8805406027364784, 0.9584891997977928, 0.0, 0.9972442061920183, 0.9831045130757803, 0.9953835321116201, 0.6823325491842689, 0.8760889062468411, 0.7224180182951643, 0.7151801861560287, 0.6385408576750046, 0.0, 0.9000837970825941, 0.7473203782173974, 0.9991745720830528, 0.9921670325151816, 0.9985181601417479, 0.9825194741296982, -0.8033685302328621, 0.9869901456053986, -0.5377265046615904, -0.9043678837873552, -0.7758127809820343, 0.9625569481774636, 0.4621272653898637, -0.9738928209695361, -0.9872154257261188, -0.9341162398404708, -0.7597952443380227, -0.8882065348474812, 0.7802206195583138, 0.6382948002903498, 0.5306593913753022, 0.16540647254538798, 0.726297345125019, 0.0, 0.0], [-0.8228257475362986, 0.8899125121542103, -0.9943941363778104, 0.7422151544779969, 0.7935242666005083, 0.8424630545371335, 0.7810706318526279, 0.8072708959087356, 0.755232853868676, -0.5542460559379703, -0.7710946604146605, 0.7928652564942064, 0.9708168128396988, 0.7756286411922135, 0.9524927191079002, 0.977448723692865, 0.9044905663423242, 0.9967706200478419, 0.9991274842307586, 0.9918603538426841, 0.9155551022917218, 1.0, 0.8254095644861084, 0.8977555472390444, 0.7801705061732076, 0.952033253086979, 0.9771143772355158, 0.8206019256885232, 0.9617987951918886, 0.8551729199724054, 0.8241798002150167, 0.9736193193687791, 0.870579662994469, 0.9504968381576868, 0.9411354668179689, 0.9513493109329035, 0.9461835448899192, 0.9722030383780098, 0.9296484349473373, 0.9324807437165246, 0.9608709799885559, 0.9125828016728892, 0.903562086629631, 0.9890590087367644, 0.8477242937796912, 0.9153800017179095, 0.9793991578382119, 0.9968109399596281, 0.9922263741465751, 0.39248118500258156, 0.9428702456677153, 0.9737057387476098, 0.872727153604793, 0.918732668515209, 0.9960246461962119, 0.9395121955173825, 0.9358953869488997, 0.8941418770229624, 0.37464302613026224, 0.9993183809030123, 0.9514554150646063, 0.8984613746878279, 0.858142381534551, 0.8923112713012782, 0.8246786184919501, -0.49602966240099233, 0.9683086886678837, -0.15322192357214792, -0.6563614627451388, -0.4565306557335145, 0.990300102431497, 0.7797728137195946, -0.9829535948831882, -0.8397439779996956, -0.9988051558887165, -0.4341439206385225, -0.6284169081193278, 0.9659081943426353, 0.8939986821374967, 0.8267403596197365, 0.5480912899237292, 0.9414246253490665, 0.35481835107353654, 0.3290573020176323], [-0.9999895954528868, 0.9920440674617566, -0.8804745702852159, 0.9909607813981113, 0.9985234772181352, 0.9995222786842877, 0.9972225261502426, 0.9995066175348454, 0.9934041896143587, -0.9273717988896413, -0.9959195249807, 0.9984641067455718, 0.9367093897119133, 0.99653947504529, 0.9581319530395372, 0.9260098831066131, 0.5058048539411905, 0.8680769601870759, 0.8482668555060701, 0.8905734264783141, 0.9827594598215428, 0.8254095644861084, 1.0, 0.9896900250223557, 0.9971142270195575, 0.9585618110212248, 0.9266042448784232, 0.9999641818799474, 0.9484233473993547, 0.9984902417617955, 0.9999976348779914, 0.6748201019986333, 0.9963512074977642, 0.9599693319372158, 0.9676515607410565, 0.9591939926685302, 0.9636894859754451, 0.9346454165372027, 0.9753421597963682, 0.9735994519483433, 0.9494860376222093, 0.9840881330977614, 0.9876875913923423, 0.8996591180758408, 0.9991697147904496, 0.982839821016765, 0.6944068204948731, 0.7777277598173922, 0.8892472183472583, -0.19527842383653393, 0.9663344851399999, 0.9323122794228812, 0.9959676864199204, 0.5354073515809712, 0.7718406325091424, 0.5821206087688685, 0.5736239378491174, 0.4852439309988268, -0.21418490255770806, 0.8040067324475387, 0.6115842847183159, 0.9894588757512057, 0.9981575217827268, 0.9913647233733306, 0.9999991633592814, -0.8996159660390468, 0.940247351279263, -0.684339075349377, -0.9676780467045849, -0.8790953325754853, 0.8958423918114262, 0.2901980944261686, -0.9151311033263869, -0.9996650219352805, -0.8520120288953248, -0.8669036729631276, -0.9578394670149544, 0.6511204732094441, 0.48496438149941024, 0.3648015884835374, 0.0, 0.5866866469530395, -0.23493262320461805, -0.26148837805073066], [-0.9890263761207441, 0.9998469817840476, -0.9392993435290786, 0.961529977182424, 0.9804484273558821, 0.9936438460319307, 0.9762737585168872, 0.9847031560815961, 0.966739187458259, -0.8642239314546831, -0.9727260886453624, 0.9802349068843933, 0.9771964488703134, 0.9743601215072061, 0.9892630771998858, 0.9705304112609658, 0.6241435323689951, 0.9302286839261086, 0.915369236759222, 0.9465364272358591, 0.999108087154819, 0.8977555472390444, 0.9896900250223557, 1.0, 0.9759608875435384, 0.9894819167388119, 0.9709093531793521, 0.9884423489995013, 0.9840486706648555, 0.9960631418785617, 0.9893761807115048, 0.773560887891884, 0.9983028861718214, 0.990190376974847, 0.9938096165289814, 0.9898016740857651, 0.9919988237249344, 0.9759376690819829, 0.9968960938905402, 0.9962548708465923, 0.9846424724751854, 0.9993907311295831, 0.9999106993568766, 0.9529150781247533, 0.9947035571876486, 0.9991263671593115, 0.7903103637817903, 0.8597413769504555, 0.9455944772076798, 0.0, 0.9932220549878953, 0.974498416855351, 0.9985484646764062, 0.6508550341685617, 0.8549482905988826, 0.6925762787621979, 0.6850289024576589, 0.6054747597936387, 0.0, 0.8808824470586507, 0.7185962201405143, 0.9999987120200257, 0.9965568985384745, 0.9999254843539012, 0.9895039266570714, -0.8277967907622568, 0.979320717402767, -0.5728484074921794, -0.9215813439700797, -0.8017638380812222, 0.950251841973577, 0.42426854776394096, -0.9634385536679035, -0.9930653788608019, -0.9182097382359227, -0.7865712943329846, -0.9068148043978796, 0.7531122171945073, 0.605220303901665, 0.49439600742913514, 