{"mat": [[1.0, 0.96350348518502, 0.9743899955029234, 0.9974819948566097, 0.9922696936412979, 0.9442917134357334, 0.4252702927974408, 0.9409877881727832, -0.4323452230158875, 0.22738164709836317, 0.9711495914391175, 0.947254471155601, 0.9996395438899313, -0.41383632451692787], [0.96350348518502, 1.0, 0.9977231120144525, 0.9794336647629172, 0.9776769867477687, 0.8839673688393849, 0.18026867178328654, 0.908127681398861, -0.29100254841569795, 0.0, 0.9845428190638645, 0.9844262883468715, 0.9569472702166445, -0.4394343565513128], [0.9743899955029234, 0.9977231120144525, 1.0, 0.9878641131090066, 0.9802476023865578, 0.9134797790873145, 0.21228388447053292, 0.9338386066654875, -0.28227781304292043, 0.0, 0.9935546013583414, 0.9901273120836571, 0.9683073825532652, -0.39496369283320654], [0.9974819948566097, 0.9794336647629172, 0.9878641131090066, 1.0, 0.9936042409167696, 0.9409841964585258, 0.3601623081792199, 0.9451232813889684, -0.38515359314846065, 0.15851190596289155, 0.9839938334013242, 0.9664275526535322, 0.9952872647272104, -0.4069738357635271], [0.9922696936412979, 0.9776769867477687, 0.9802476023865578, 0.9936042409167696, 1.0, 0.8995469932784215, 0.3800956556370898, 0.9022779247236424, -0.46367627454683635, 0.18972482197920715, 0.9639074964269465, 0.9450207782639312, 0.9913126136128045, -0.507484991885923], [0.9442917134357334, 0.8839673688393849, 0.9134797790873145, 0.9409841964585258, 0.8995469932784215, 1.0, 0.39306071365179296, 0.9944949616757253, -0.2112883359490898, 0.1797996063392071, 0.9477418599418453, 0.9238825955926233, 0.9419380617973325, 0.0], [0.4252702927974408, 0.18026867178328654, 0.21228388447053292, 0.3601623081792199, 0.3800956556370898, 0.39306071365179296, 1.0, 0.29718833380348686, -0.8095232580069478, 0.9751992623863204, 0.21202597007418322, 0.12207780426465531, 0.44892515099516495, -0.30622073897017743], [0.9409877881727832, 0.908127681398861, 0.9338386066654875, 0.9451232813889684, 0.9022779247236424, 0.9944949616757253, 0.29718833380348686, 1.0, -0.14363274814761873, 0.0, 0.9668205274010697, 0.9523076281596224, 0.9359446119055475, 0.0], [-0.4323452230158875, -0.29100254841569795, -0.28227781304292043, -0.38515359314846065, -0.46367627454683635, -0.2112883359490898, -0.8095232580069478, -0.14363274814761873, 1.0, -0.8146715733858061, -0.2160286675740628, -0.14849713327520608, -0.45348139684669997, 0.7988250753334413], [0.22738164709836317, 0.0, 0.0, 0.15851190596289155, 0.18972482197920715, 0.1797996063392071, 0.9751992623863204, 0.0, -0.8146715733858061, 1.0, 0.0, 0.0, 0.25325356837246393, -0.3042041272030318], [0.9711495914391175, 0.9845428190638645, 0.9935546013583414, 0.9839938334013242, 0.9639074964269465, 0.9477418599418453, 0.21202597007418322, 0.9668205274010697, -0.2160286675740628, 0.0, 1.0, 0.9958079820487962, 0.9644916031041132, -0.2917885134088425], [0.947254471155601, 0.9844262883468715, 0.9901273120836571, 0.9664275526535322, 0.9450207782639312, 0.9238825955926233, 0.12207780426465531, 0.9523076281596224, -0.14849713327520608, 0.0, 0.9958079820487962, 1.0, 0.9383208071943323, -0.2750218564923457], [0.9996395438899313, 0.9569472702166445, 0.9683073825532652, 0.9952872647272104, 0.9913126136128045, 0.9419380617973325, 0.44892515099516495, 0.9359446119055475, -0.45348139684669997, 0.25325356837246393, 0.9644916031041132, 0.9383208071943323, 1.0, -0.4222968536149576], [-0.41383632451692787, -0.4394343565513128, -0.39496369283320654, -0.4069738357635271, -0.507484991885923, 0.0, -0.30622073897017743, 0.0, 0.7988250753334413, -0.3042041272030318, -0.2917885134088425, -0.2750218564923457, -0.4222968536149576, 1.0]], "links": [], "views": [{"N_row_sum": "all", "dist": "cos", "nodes": {"row_nodes": [{"cat_3_index": 0, "group": [5.0, 2.0, 2.0, 2.0, 2.0, 2.0, 2.0, 2.0, 2.0, 1.0, 1.0], "name": "Contrast: GSM2700624.ch1-vs-GSM2700628.ch1", "clust": 6, "cat_2_index": 2, "cat_1_index": 0, "cat_0_index": 0, "cat-2": "Test_status: IPF", "cat-3": "Ref_status: HEALTHY/CONTROL", "rank": 11, "cat-1": "Sample_type: LUNG_BIOPSY", "ini": 14, "cat-0": "GSE: GSE101286", "rankvar": 8}, {"cat_3_index": 1, "group": [9.0, 2.0, 2.0, 2.0, 2.0, 2.0, 2.0, 2.0, 2.0, 1.0, 1.0], "name": "Contrast: GSM2700625.ch1-vs-GSM2700628.ch1", "clust": 8, "cat_2_index": 3, "cat_1_index": 1, "cat_0_index": 1, "cat-2": "Test_status: IPF", "cat-3": "Ref_status: HEALTHY/CONTROL", "rank": 4, "cat-1": "Sample_type: LUNG_BIOPSY", "ini": 13, "cat-0": "GSE: GSE101286", "rankvar": 12}, {"cat_3_index": 2, "group": [10.0, 2.0, 2.0, 2.0, 2.0, 2.0, 2.0, 2.0, 2.0, 1.0, 1.0], "name": "Contrast: GSM2700626.ch1-vs-GSM2700628.ch1", "clust": 9, "cat_2_index": 4, "cat_1_index": 2, "cat_0_index": 2, "cat-2": "Test_status: IPF", "cat-3": "Ref_status: HEALTHY/CONTROL", "rank": 6, "cat-1": "Sample_type: LUNG_BIOPSY", "ini": 12, "cat-0": "GSE: GSE101286", "rankvar": 11}, {"cat_3_index": 3, "group": [7.0, 2.0, 2.0, 2.0, 2.0, 2.0, 2.0, 2.0, 2.0, 1.0, 1.0], "name": "Contrast: GSM2700627.ch1-vs-GSM2700628.ch1", "clust": 5, "cat_2_index": 5, "cat_1_index": 3, "cat_0_index": 3, "cat-2": "Test_status: IPF", "cat-3": "Ref_status: HEALTHY/CONTROL", "rank": 9, "cat-1": "Sample_type: LUNG_BIOPSY", "ini": 11, "cat-0": "GSE: GSE101286", "rankvar": 10}, {"cat_3_index": 4, "group": [8.0, 2.0, 2.0, 2.0, 2.0, 2.0, 2.0, 2.0, 2.0, 1.0, 1.0], "name": "Contrast: GSM2700629.ch1-vs-GSM2700628.ch1", "clust": 4, "cat_2_index": 6, "cat_1_index": 4, "cat_0_index": 4, "cat-2": "Test_status: IPF", "cat-3": "Ref_status: HEALTHY/CONTROL", "rank": 5, "cat-1": "Sample_type: LUNG_BIOPSY", "ini": 10, "cat-0": "GSE: GSE101286", "rankvar": 13}, {"cat_3_index": 5, "group": [3.0, 2.0, 2.0, 2.0, 2.0, 2.0, 2.0, 2.0, 2.0, 1.0, 1.0], "name": "Contrast: GSM2700630.ch1-vs-GSM2700628.ch1", "clust": 2, "cat_2_index": 7, "cat_1_index": 5, "cat_0_index": 5, "cat-2": "Test_status: IPF", "cat-3": "Ref_status: HEALTHY/CONTROL", "rank": 13, "cat-1": "Sample_type: LUNG_BIOPSY", "ini": 9, "cat-0": "GSE: GSE101286", "rankvar": 0}, {"cat_3_index": 6, "group": [13.0, 3.0, 3.0, 2.0, 2.0, 2.0, 2.0, 2.0, 2.0, 1.0, 1.0], "name": "Contrast: GSM2700631.ch1-vs-GSM2700628.ch1", "clust": 12, "cat_2_index": 8, "cat_1_index": 6, "cat_0_index": 6, "cat-2": "Test_status: IPF", "cat-3": "Ref_status: HEALTHY/CONTROL", "rank": 3, "cat-1": "Sample_type: LUNG_BIOPSY", "ini": 8, "cat-0": "GSE: GSE101286", "rankvar": 2}, {"cat_3_index": 7, "group": [4.0, 2.0, 2.0, 2.0, 2.0, 2.0, 2.0, 2.0, 2.0, 1.0, 1.0], "name": "Contrast: GSM2700632.ch1-vs-GSM2700628.ch1", "clust": 3, "cat_2_index": 9, "cat_1_index": 7, "cat_0_index": 7, "cat-2": "Test_status: IPF", "cat-3": "Ref_status: HEALTHY/CONTROL", "rank": 12, "cat-1": "Sample_type: LUNG_BIOPSY", "ini": 7, "cat-0": "GSE: GSE101286", "rankvar": 1}, {"cat_3_index": 8, "group": [1.0, 1.0, 1.0, 1.0, 1.0, 1.0, 1.0, 1.0, 1.0, 1.0, 1.0], "name": "Contrast: GSM2700633.ch1-vs-GSM2700628.ch1", "clust": 0, "cat_2_index": 0, "cat_1_index": 8, "cat_0_index": 8, "cat-2": "Test_status: HEALTHY/CONTROL", "cat-3": "Ref_status: HEALTHY/CONTROL", "rank": 0, "cat-1": "Sample_type: LUNG_BIOPSY", "ini": 6, "cat-0": "GSE: GSE101286", "rankvar": 7}, {"cat_3_index": 9, "group": [14.0, 3.0, 3.0, 2.0, 2.0, 2.0, 2.0, 2.0, 2.0, 1.0, 1.0], "name": "Contrast: GSM2700634.ch1-vs-GSM2700628.ch1", "clust": 13, "cat_2_index": 10, "cat_1_index": 9, "cat_0_index": 9, "cat-2": "Test_status: IPF", "cat-3": "Ref_status: HEALTHY/CONTROL", "rank": 2, "cat-1": "Sample_type: LUNG_BIOPSY", "ini": 5, "cat-0": "GSE: GSE101286", "rankvar": 3}, {"cat_3_index": 10, "group": [11.0, 2.0, 2.0, 2.0, 2.0, 2.0, 2.0, 2.0, 2.0, 1.0, 1.0], "name": "Contrast: GSM2700635.ch1-vs-GSM2700628.ch1", "clust": 10, "cat_2_index": 11, "cat_1_index": 10, "cat_0_index": 10, "cat-2": "Test_status: IPF", "cat-3": "Ref_status: HEALTHY/CONTROL", "rank": 8, "cat-1": "Sample_type: LUNG_BIOPSY", "ini": 4, "cat-0": "GSE: GSE101286", "rankvar": 6}, {"cat_3_index": 11, "group": [12.0, 2.0, 2.0, 2.0, 2.0, 2.0, 2.0, 2.0, 2.0, 1.0, 1.0], "name": "Contrast: GSM2700636.ch1-vs-GSM2700628.ch1", "clust": 11, "cat_2_index": 12, "cat_1_index": 11, "cat_0_index": 11, "cat-2": "Test_status: IPF", "cat-3": "Ref_status: HEALTHY/CONTROL", "rank": 7, "cat-1": "Sample_type: LUNG_BIOPSY", "ini": 3, "cat-0": "GSE: GSE101286", "rankvar": 5}, {"cat_3_index": 12, "group": [6.0, 2.0, 2.0, 2.0, 2.0, 2.0, 2.0, 2.0, 2.0, 1.0, 1.0], "name": "Contrast: GSM2700637.ch1-vs-GSM2700628.ch1", "clust": 7, "cat_2_index": 13, "cat_1_index": 12, "cat_0_index": 12, "cat-2": "Test_status: NON_IPF_ILD", "cat-3": "Ref_status: HEALTHY/CONTROL", "rank": 10, "cat-1": "Sample_type: LUNG_BIOPSY", "ini": 2, "cat-0": "GSE: GSE101286", "rankvar": 9}, {"cat_3_index": 13, "group": [2.0, 1.0, 1.0, 1.0, 1.0, 1.0, 1.0, 1.0, 1.0, 1.0, 1.0], "name": "Contrast: GSM2700638.ch1-vs-GSM2700628.ch1", "clust": 1, "cat_2_index": 1, "cat_1_index": 13, "cat_0_index": 13, "cat-2": "Test_status: HEALTHY/CONTROL", "cat-3": "Ref_status: HEALTHY/CONTROL", "rank": 1, "cat-1": "Sample_type: LUNG_BIOPSY", "ini": 1, "cat-0": "GSE: GSE101286", "rankvar": 4}], "col_nodes": [{"cat_3_index": 0, "group": [5.0, 2.0, 2.0, 2.0, 2.0, 2.0, 2.0, 2.0, 2.0, 1.0, 1.0], "name": "Contrast: GSM2700624.ch1-vs-GSM2700628.ch1", "clust": 6, "cat_2_index": 2, "cat_1_index": 0, "cat_0_index": 0, "cat-2": "Test_status: IPF", "cat-3": "Ref_status: HEALTHY/CONTROL", "rank": 11, "cat-1": "Sample_type: LUNG_BIOPSY", "ini": 14, "cat-0": "GSE: GSE101286", "rankvar": 8}, {"cat_3_index": 1, "group": [9.0, 2.0, 2.0, 2.0, 2.0, 2.0, 2.0, 2.0, 2.0, 1.0, 1.0], "name": "Contrast: GSM2700625.ch1-vs-GSM2700628.ch1", "clust": 8, "cat_2_index": 3, "cat_1_index": 1, "cat_0_index": 1, "cat-2": "Test_status: IPF", "cat-3": "Ref_status: HEALTHY/CONTROL", "rank": 4, "cat-1": "Sample_type: LUNG_BIOPSY", "ini": 13, "cat-0": "GSE: GSE101286", "rankvar": 12}, {"cat_3_index": 2, "group": [10.0, 2.0, 2.0, 2.0, 2.0, 2.0, 2.0, 2.0, 2.0, 1.0, 1.0], "name": "Contrast: GSM2700626.ch1-vs-GSM2700628.ch1", "clust": 9, "cat_2_index": 4, "cat_1_index": 2, "cat_0_index": 2, "cat-2": "Test_status: IPF", "cat-3": "Ref_status: HEALTHY/CONTROL", "rank": 6, "cat-1": "Sample_type: LUNG_BIOPSY", "ini": 12, "cat-0": "GSE: GSE101286", "rankvar": 11}, {"cat_3_index": 3, "group": [7.0, 2.0, 2.0, 2.0, 2.0, 2.0, 2.0, 2.0, 2.0, 1.0, 1.0], "name": "Contrast: GSM2700627.ch1-vs-GSM2700628.ch1", "clust": 5, "cat_2_index": 5, "cat_1_index": 3, "cat_0_index": 3, "cat-2": "Test_status: IPF", "cat-3": "Ref_status: HEALTHY/CONTROL", "rank": 9, "cat-1": "Sample_type: LUNG_BIOPSY", "ini": 11, "cat-0": "GSE: GSE101286", "rankvar": 10}, {"cat_3_index": 4, "group": [8.0, 2.0, 2.0, 2.0, 2.0, 2.0, 2.0, 2.0, 2.0, 1.0, 1.0], "name": "Contrast: GSM2700629.ch1-vs-GSM2700628.ch1", "clust": 4, "cat_2_index": 6, "cat_1_index": 4, "cat_0_index": 4, "cat-2": "Test_status: IPF", "cat-3": "Ref_status: HEALTHY/CONTROL", "rank": 5, "cat-1": "Sample_type: LUNG_BIOPSY", "ini": 10, "cat-0": "GSE: GSE101286", "rankvar": 13}, {"cat_3_index": 5, "group": [3.0, 2.0, 2.0, 2.0, 2.0, 2.0, 2.0, 2.0, 2.0, 1.0, 1.0], "name": "Contrast: GSM2700630.ch1-vs-GSM2700628.ch1", "clust": 2, "cat_2_index": 7, "cat_1_index": 5, "cat_0_index": 5, "cat-2": "Test_status: IPF", "cat-3": "Ref_status: HEALTHY/CONTROL", "rank": 13, "cat-1": "Sample_type: LUNG_BIOPSY", "ini": 9, "cat-0": "GSE: GSE101286", "rankvar": 0}, {"cat_3_index": 6, "group": [13.0, 3.0, 3.0, 2.0, 2.0, 2.0, 2.0, 2.0, 2.0, 1.0, 1.0], "name": "Contrast: GSM2700631.ch1-vs-GSM2700628.ch1", "clust": 12, "cat_2_index": 8, "cat_1_index": 6, "cat_0_index": 6, "cat-2": "Test_status: IPF", "cat-3": "Ref_status: HEALTHY/CONTROL", "rank": 3, "cat-1": "Sample_type: LUNG_BIOPSY", "ini": 8, "cat-0": "GSE: GSE101286", "rankvar": 2}, {"cat_3_index": 7, "group": [4.0, 2.0, 2.0, 2.0, 2.0, 2.0, 2.0, 2.0, 2.0, 1.0, 1.0], "name": "Contrast: GSM2700632.ch1-vs-GSM2700628.ch1", "clust": 3, "cat_2_index": 9, "cat_1_index": 7, "cat_0_index": 7, "cat-2": "Test_status: IPF", "cat-3": "Ref_status: HEALTHY/CONTROL", "rank": 12, "cat-1": "Sample_type: LUNG_BIOPSY", "ini": 7, "cat-0": "GSE: GSE101286", "rankvar": 1}, {"cat_3_index": 8, "group": [1.0, 1.0, 1.0, 1.0, 1.0, 1.0, 1.0, 1.0, 1.0, 1.0, 1.0], "name": "Contrast: GSM2700633.ch1-vs-GSM2700628.ch1", "clust": 0, "cat_2_index": 0, "cat_1_index": 8, "cat_0_index": 8, "cat-2": "Test_status: HEALTHY/CONTROL", "cat-3": "Ref_status: HEALTHY/CONTROL", "rank": 0, "cat-1": "Sample_type: LUNG_BIOPSY", "ini": 6, "cat-0": "GSE: GSE101286", "rankvar": 7}, {"cat_3_index": 9, "group": [14.0, 3.0, 3.0, 2.0, 2.0, 2.0, 2.0, 2.0, 2.0, 1.0, 1.0], "name": "Contrast: GSM2700634.ch1-vs-GSM2700628.ch1", "clust": 13, "cat_2_index": 10, "cat_1_index": 9, "cat_0_index": 9, "cat-2": "Test_status: IPF", "cat-3": "Ref_status: HEALTHY/CONTROL", "rank": 2, "cat-1": "Sample_type: LUNG_BIOPSY", "ini": 5, "cat-0": "GSE: GSE101286", "rankvar": 3}, {"cat_3_index": 10, "group": [11.0, 2.0, 2.0, 2.0, 2.0, 2.0, 2.0, 2.0, 2.0, 1.0, 1.0], "name": "Contrast: GSM2700635.ch1-vs-GSM2700628.ch1", "clust": 10, "cat_2_index": 11, "cat_1_index": 10, "cat_0_index": 10, "cat-2": "Test_status: IPF", "cat-3": "Ref_status: HEALTHY/CONTROL", "rank": 8, "cat-1": "Sample_type: LUNG_BIOPSY", "ini": 4, "cat-0": "GSE: GSE101286", "rankvar": 6}, {"cat_3_index": 11, "group": [12.0, 2.0, 2.0, 2.0, 2.0, 2.0, 2.0, 2.0, 2.0, 1.0, 1.0], "name": "Contrast: GSM2700636.ch1-vs-GSM2700628.ch1", "clust": 11, "cat_2_index": 12, "cat_1_index": 11, "cat_0_index": 11, "cat-2": "Test_status: IPF", "cat-3": "Ref_status: HEALTHY/CONTROL", "rank": 7, "cat-1": "Sample_type: LUNG_BIOPSY", "ini": 3, "cat-0": "GSE: GSE101286", "rankvar": 5}, {"cat_3_index": 12, "group": [6.0, 2.0, 2.0, 2.0, 2.0, 2.0, 2.0, 2.0, 2.0, 1.0, 1.0], "name": "Contrast: GSM2700637.ch1-vs-GSM2700628.ch1", "clust": 7, "cat_2_index": 13, "cat_1_index": 12, "cat_0_index": 12, "cat-2": "Test_status: NON_IPF_ILD", "cat-3": "Ref_status: HEALTHY/CONTROL", "rank": 10, "cat-1": "Sample_type: LUNG_BIOPSY", "ini": 2, "cat-0": "GSE: GSE101286", "rankvar": 9}, {"cat_3_index": 13, "group": [2.0, 1.0, 1.0, 1.0, 1.0, 1.0, 1.0, 1.0, 1.0, 1.0, 1.0], "name": "Contrast: GSM2700638.ch1-vs-GSM2700628.ch1", "clust": 1, "cat_2_index": 1, "cat_1_index": 13, "cat_0_index": 13, "cat-2": "Test_status: HEALTHY/CONTROL", "cat-3": "Ref_status: HEALTHY/CONTROL", "rank": 1, "cat-1": "Sample_type: LUNG_BIOPSY", "ini": 1, "cat-0": "GSE: GSE101286", "rankvar": 4}]}}, {"N_row_sum": 10, "dist": "cos", "nodes": {"row_nodes": [{"cat_3_index": 0, "group": [1.0, 1.0, 1.0, 1.0, 1.0, 1.0, 1.0, 1.0, 1.0, 1.0, 1.0], "name": "Contrast: GSM2700630.ch1-vs-GSM2700628.ch1", "clust": 0, "cat_2_index": 0, "cat_1_index": 0, "cat_0_index": 0, "cat-2": "Test_status: IPF", "cat-3": "Ref_status: HEALTHY/CONTROL", "rank": 9, "cat-1": "Sample_type: LUNG_BIOPSY", "ini": 10, "cat-0": "GSE: GSE101286", "rankvar": 0}, {"cat_3_index": 1, "group": [2.0, 2.0, 1.0, 1.0, 1.0, 1.0, 1.0, 1.0, 1.0, 1.0, 1.0], "name": "Contrast: GSM2700632.ch1-vs-GSM2700628.ch1", "clust": 1, "cat_2_index": 1, "cat_1_index": 1, "cat_0_index": 1, "cat-2": "Test_status: IPF", "cat-3": "Ref_status: HEALTHY/CONTROL", "rank": 8, "cat-1": "Sample_type: LUNG_BIOPSY", "ini": 9, "cat-0": "GSE: GSE101286", "rankvar": 1}, {"cat_3_index": 2, "group": [3.0, 3.0, 2.0, 2.0, 2.0, 2.0, 2.0, 1.0, 1.0, 1.0, 1.0], "name": "Contrast: GSM2700624.ch1-vs-GSM2700628.ch1", "clust": 4, "cat_2_index": 2, "cat_1_index": 2, "cat_0_index": 2, "cat-2": "Test_status: IPF", "cat-3": "Ref_status: HEALTHY/CONTROL", "rank": 7, "cat-1": "Sample_type: LUNG_BIOPSY", "ini": 8, "cat-0": "GSE: GSE101286", "rankvar": 4}, {"cat_3_index": 3, "group": [4.0, 3.0, 2.0, 2.0, 2.0, 2.0, 2.0, 1.0, 1.0, 1.0, 1.0], "name": "Contrast: GSM2700637.ch1-vs-GSM2700628.ch1", "clust": 5, "cat_2_index": 9, "cat_1_index": 3, "cat_0_index": 3, "cat-2": "Test_status: NON_IPF_ILD", "cat-3": "Ref_status: HEALTHY/CONTROL", "rank": 6, "cat-1": "Sample_type: LUNG_BIOPSY", "ini": 7, "cat-0": "GSE: GSE101286", "rankvar": 5}, {"cat_3_index": 4, "group": [5.0, 3.0, 2.0, 2.0, 2.0, 2.0, 2.0, 1.0, 1.0, 1.0, 1.0], "name": "Contrast: GSM2700627.ch1-vs-GSM2700628.ch1", "clust": 3, "cat_2_index": 3, "cat_1_index": 4, "cat_0_index": 4, "cat-2": "Test_status: IPF", "cat-3": "Ref_status: HEALTHY/CONTROL", "rank": 5, "cat-1": "Sample_type: LUNG_BIOPSY", "ini": 6, "cat-0": "GSE: GSE101286", "rankvar": 6}, {"cat_3_index": 5, "group": [9.0, 4.0, 3.0, 3.0, 2.0, 2.0, 2.0, 1.0, 1.0, 1.0, 1.0], "name": "Contrast: GSM2700635.ch1-vs-GSM2700628.ch1", "clust": 8, "cat_2_index": 4, "cat_1_index": 5, "cat_0_index": 5, "cat-2": "Test_status: IPF", "cat-3": "Ref_status: HEALTHY/CONTROL", "rank": 4, "cat-1": "Sample_type: LUNG_BIOPSY", "ini": 5, "cat-0": "GSE: GSE101286", "rankvar": 3}, {"cat_3_index": 6, "group": [10.0, 4.0, 3.0, 3.0, 2.0, 2.0, 2.0, 1.0, 1.0, 1.0, 1.0], "name": "Contrast: GSM2700636.ch1-vs-GSM2700628.ch1", "clust": 9, "cat_2_index": 5, "cat_1_index": 6, "cat_0_index": 6, "cat-2": "Test_status: IPF", "cat-3": "Ref_status: HEALTHY/CONTROL", "rank": 3, "cat-1": "Sample_type: LUNG_BIOPSY", "ini": 4, "cat-0": "GSE: GSE101286", "rankvar": 2}, {"cat_3_index": 7, "group": [7.0, 4.0, 3.0, 3.0, 2.0, 2.0, 2.0, 1.0, 1.0, 1.0, 1.0], "name": "Contrast: GSM2700626.ch1-vs-GSM2700628.ch1", "clust": 6, "cat_2_index": 6, "cat_1_index": 7, "cat_0_index": 7, "cat-2": "Test_status: IPF", "cat-3": "Ref_status: HEALTHY/CONTROL", "rank": 2, "cat-1": "Sample_type: LUNG_BIOPSY", "ini": 3, "cat-0": "GSE: GSE101286", "rankvar": 7}, {"cat_3_index": 8, "group": [6.0, 3.0, 2.0, 2.0, 2.0, 2.0, 2.0, 1.0, 1.0, 1.0, 1.0], "name": "Contrast: GSM2700629.ch1-vs-GSM2700628.ch1", "clust": 2, "cat_2_index": 7, "cat_1_index": 8, "cat_0_index": 8, "cat-2": "Test_status: IPF", "cat-3": "Ref_status: HEALTHY/CONTROL", "rank": 1, "cat-1": "Sample_type: LUNG_BIOPSY", "ini": 2, "cat-0": "GSE: GSE101286", "rankvar": 9}, {"cat_3_index": 9, "group": [8.0, 4.0, 3.0, 3.0, 2.0, 2.0, 2.0, 1.0, 1.0, 1.0, 1.0], "name": "Contrast: GSM2700625.ch1-vs-GSM2700628.ch1", "clust": 7, "cat_2_index": 8, "cat_1_index": 9, "cat_0_index": 9, "cat-2": "Test_status: IPF", "cat-3": "Ref_status: HEALTHY/CONTROL", "rank": 0, "cat-1": "Sample_type: LUNG_BIOPSY", "ini": 1, "cat-0": "GSE: GSE101286", "rankvar": 8}], "col_nodes": [{"cat_3_index": 0, "group": [5.0, 2.0, 2.0, 2.0, 2.0, 2.0, 2.0, 2.0, 2.0, 2.0, 1.0], "name": "Contrast: GSM2700624.ch1-vs-GSM2700628.ch1", "clust": 8, "cat_2_index": 2, "cat_1_index": 0, "cat_0_index": 0, "cat-2": "Test_status: IPF", "cat-3": "Ref_status: HEALTHY/CONTROL", "rank": 10, "cat-1": "Sample_type: LUNG_BIOPSY", "ini": 14, "cat-0": "GSE: GSE101286", "rankvar": 2}, {"cat_3_index": 1, "group": [9.0, 2.0, 2.0, 2.0, 2.0, 2.0, 2.0, 2.0, 2.0, 2.0, 1.0], "name": "Contrast: GSM2700625.ch1-vs-GSM2700628.ch1", "clust": 10, "cat_2_index": 3, "cat_1_index": 1, "cat_0_index": 1, "cat-2": "Test_status: IPF", "cat-3": "Ref_status: HEALTHY/CONTROL", "rank": 6, "cat-1": "Sample_type: LUNG_BIOPSY", "ini": 13, "cat-0": "GSE: GSE101286", "rankvar": 9}, {"cat_3_index": 2, "group": [10.0, 2.0, 2.0, 2.0, 2.0, 2.0, 2.0, 2.0, 2.0, 2.0, 1.0], "name": "Contrast: GSM2700626.ch1-vs-GSM2700628.ch1", "clust": 11, "cat_2_index": 4, "cat_1_index": 2, "cat_0_index": 2, "cat-2": "Test_status: IPF", "cat-3": "Ref_status: HEALTHY/CONTROL", "rank": 11, "cat-1": "Sample_type: LUNG_BIOPSY", "ini": 12, "cat-0": "GSE: GSE101286", "rankvar": 5}, {"cat_3_index": 3, "group": [7.0, 2.0, 2.0, 2.0, 2.0, 2.0, 2.0, 2.0, 2.0, 2.0, 1.0], "name": "Contrast: GSM2700627.ch1-vs-GSM2700628.ch1", "clust": 7, "cat_2_index": 5, "cat_1_index": 3, "cat_0_index": 3, "cat-2": "Test_status: IPF", "cat-3": "Ref_status: HEALTHY/CONTROL", "rank": 13, "cat-1": "Sample_type: LUNG_BIOPSY", "ini": 11, "cat-0": "GSE: GSE101286", "rankvar": 1}, {"cat_3_index": 4, "group": [8.0, 2.0, 2.0, 2.0, 2.0, 2.0, 2.0, 2.0, 2.0, 2.0, 1.0], "name": "Contrast: GSM2700629.ch1-vs-GSM2700628.ch1", "clust": 6, "cat_2_index": 6, "cat_1_index": 4, "cat_0_index": 4, "cat-2": "Test_status: IPF", "cat-3": "Ref_status: HEALTHY/CONTROL", "rank": 8, "cat-1": "Sample_type: LUNG_BIOPSY", "ini": 10, "cat-0": "GSE: GSE101286", "rankvar": 8}, {"cat_3_index": 5, "group": [3.0, 2.0, 2.0, 2.0, 2.0, 2.0, 2.0, 2.0, 2.0, 2.0, 1.0], "name": "Contrast: GSM2700630.ch1-vs-GSM2700628.ch1", "clust": 4, "cat_2_index": 7, "cat_1_index": 5, "cat_0_index": 5, "cat-2": "Test_status: IPF", "cat-3": "Ref_status: HEALTHY/CONTROL", "rank": 4, "cat-1": "Sample_type: LUNG_BIOPSY", "ini": 9, "cat-0": "GSE: GSE101286", "rankvar": 7}, {"cat_3_index": 6, "group": [13.0, 2.0, 2.0, 2.0, 2.0, 2.0, 2.0, 2.0, 2.0, 2.0, 1.0], "name": "Contrast: GSM2700631.ch1-vs-GSM2700628.ch1", "clust": 3, "cat_2_index": 8, "cat_1_index": 6, "cat_0_index": 6, "cat-2": "Test_status: IPF", "cat-3": "Ref_status: HEALTHY/CONTROL", "rank": 3, "cat-1": "Sample_type: LUNG_BIOPSY", "ini": 8, "cat-0": "GSE: GSE101286", "rankvar": 11}, {"cat_3_index": 7, "group": [4.0, 2.0, 2.0, 2.0, 2.0, 2.0, 2.0, 2.0, 2.0, 2.0, 1.0], "name": "Contrast: GSM2700632.ch1-vs-GSM2700628.ch1", "clust": 5, "cat_2_index": 9, "cat_1_index": 7, "cat_0_index": 7, "cat-2": "Test_status: IPF", "cat-3": "Ref_status: HEALTHY/CONTROL", "rank": 5, "cat-1": "Sample_type: LUNG_BIOPSY", "ini": 7, "cat-0": "GSE: GSE101286", "rankvar": 6}, {"cat_3_index": 8, "group": [1.0, 1.0, 1.0, 1.0, 1.0, 1.0, 1.0, 1.0, 1.0, 1.0, 1.0], "name": "Contrast: GSM2700633.ch1-vs-GSM2700628.ch1", "clust": 0, "cat_2_index": 0, "cat_1_index": 8, "cat_0_index": 8, "cat-2": "Test_status: HEALTHY/CONTROL", "cat-3": "Ref_status: HEALTHY/CONTROL", "rank": 1, "cat-1": "Sample_type: LUNG_BIOPSY", "ini": 6, "cat-0": "GSE: GSE101286", "rankvar": 12}, {"cat_3_index": 9, "group": [14.0, 3.0, 2.0, 2.0, 2.0, 2.0, 2.0, 2.0, 2.0, 2.0, 1.0], "name": "Contrast: GSM2700634.ch1-vs-GSM2700628.ch1", "clust": 2, "cat_2_index": 10, "cat_1_index": 9, "cat_0_index": 9, "cat-2": "Test_status: IPF", "cat-3": "Ref_status: HEALTHY/CONTROL", "rank": 2, "cat-1": "Sample_type: LUNG_BIOPSY", "ini": 5, "cat-0": "GSE: GSE101286", "rankvar": 10}, {"cat_3_index": 10, "group": [11.0, 2.0, 2.0, 2.0, 2.0, 2.0, 2.0, 2.0, 2.0, 2.0, 1.0], "name": "Contrast: GSM2700635.ch1-vs-GSM2700628.ch1", "clust": 12, "cat_2_index": 11, "cat_1_index": 10, "cat_0_index": 10, "cat-2": "Test_status: IPF", "cat-3": "Ref_status: HEALTHY/CONTROL", "rank": 12, "cat-1": "Sample_type: LUNG_BIOPSY", "ini": 4, "cat-0": "GSE: GSE101286", "rankvar": 0}, {"cat_3_index": 11, "group": [12.0, 2.0, 2.0, 2.0, 2.0, 2.0, 2.0, 2.0, 2.0, 2.0, 1.0], "name": "Contrast: GSM2700636.ch1-vs-GSM2700628.ch1", "clust": 13, "cat_2_index": 12, "cat_1_index": 11, "cat_0_index": 11, "cat-2": "Test_status: IPF", "cat-3": "Ref_status: HEALTHY/CONTROL", "rank": 7, "cat-1": "Sample_type: LUNG_BIOPSY", "ini": 3, "cat-0": "GSE: GSE101286", "rankvar": 4}, {"cat_3_index": 12, "group": [6.0, 2.0, 2.0, 2.0, 2.0, 2.0, 2.0, 2.0, 2.0, 2.0, 1.0], "name": "Contrast: GSM2700637.ch1-vs-GSM2700628.ch1", "clust": 9, "cat_2_index": 13, "cat_1_index": 12, "cat_0_index": 12, "cat-2": "Test_status: NON_IPF_ILD", "cat-3": "Ref_status: HEALTHY/CONTROL", "rank": 9, "cat-1": "Sample_type: LUNG_BIOPSY", "ini": 2, "cat-0": "GSE: GSE101286", "rankvar": 3}, {"cat_3_index": 13, "group": [2.0, 1.0, 1.0, 1.0, 1.0, 1.0, 1.0, 1.0, 1.0, 1.0, 1.0], "name": "Contrast: GSM2700638.ch1-vs-GSM2700628.ch1", "clust": 1, "cat_2_index": 1, "cat_1_index": 13, "cat_0_index": 13, "cat-2": "Test_status: HEALTHY/CONTROL", "cat-3": "Ref_status: HEALTHY/CONTROL", "rank": 0, "cat-1": "Sample_type: LUNG_BIOPSY", "ini": 1, "cat-0": "GSE: GSE101286", "rankvar": 13}]}}], "cat_colors": {"col": {"cat-2": {"Test_status: HEALTHY/CONTROL": "#023a89", "Test_status: COPD": "#930404", "Test_status: EMPHYSEMA": "#b75b0a", "Test_status: AAD": "#e2267b", "Test_status: nan": "white", "Test_status: NON_IPF_ILD": "#98df8a", "Test_status: IPF": "#0dba79", "Test_status: MATCH_TISSUE_CONTROL": "#a1c7fc"}, "cat-3": {"Ref_status: AAD": "#b70957", "Ref_status: HEALTHY/CONTROL": "#023a89", "Ref_status: IPF": "#0dba79", "Ref_status: COPD": "#930404", "Ref_status: EMPHYSEMA": "#b75b0a", "Ref_status: MATCH_TISSUE_CONTROL": "#a1c7fc", "Ref_status: nan": "white"}, "cat-0": {"GSE: GSE101286": "#bcbd22"}, "cat-1": {"Sample_type: LUNG_BIOPSY": "#bc8767", "Sample_type: nan": "white"}}, "row": {"cat-2": {"Test_status: HEALTHY/CONTROL": "#023a89", "Test_status: COPD": "#930404", "Test_status: EMPHYSEMA": "#b75b0a", "Test_status: AAD": "#e2267b", "Test_status: nan": "white", "Test_status: NON_IPF_ILD": "#98df8a", "Test_status: IPF": "#0dba79", "Test_status: MATCH_TISSUE_CONTROL": "#a1c7fc"}, "cat-3": {"Ref_status: AAD": "#b70957", "Ref_status: HEALTHY/CONTROL": "#023a89", "Ref_status: IPF": "#0dba79", "Ref_status: COPD": "#930404", "Ref_status: EMPHYSEMA": "#b75b0a", "Ref_status: MATCH_TISSUE_CONTROL": "#a1c7fc", "Ref_status: nan": "white"}, "cat-0": {"GSE: GSE101286": "#bcbd22"}, "cat-1": {"Sample_type: LUNG_BIOPSY": "#bc8767", "Sample_type: nan": "white"}}}, "row_nodes": [{"cat_3_index": 0, "group": [5.0, 2.0, 2.0, 2.0, 2.0, 2.0, 2.0, 2.0, 2.0, 1.0, 1.0], "name": "Contrast: GSM2700624.ch1-vs-GSM2700628.ch1", "clust": 6, "cat_2_index": 2, "cat_1_index": 0, "cat_0_index": 0, "cat-2": "Test_status: IPF", "cat-3": "Ref_status: HEALTHY/CONTROL", "rank": 11, "cat-1": "Sample_type: LUNG_BIOPSY", "ini": 14, "cat-0": "GSE: GSE101286", "rankvar": 8}, {"cat_3_index": 1, "group": [9.0, 2.0, 2.0, 2.0, 2.0, 2.0, 2.0, 2.0, 2.0, 1.0, 1.0], "name": "Contrast: GSM2700625.ch1-vs-GSM2700628.ch1", "clust": 8, "cat_2_index": 3, "cat_1_index": 1, "cat_0_index": 1, "cat-2": "Test_status: IPF", "cat-3": "Ref_status: HEALTHY/CONTROL", "rank": 4, "cat-1": "Sample_type: LUNG_BIOPSY", "ini": 13, "cat-0": "GSE: GSE101286", "rankvar": 12}, {"cat_3_index": 2, "group": [10.0, 2.0, 2.0, 2.0, 2.0, 2.0, 2.0, 2.0, 2.0, 1.0, 1.0], "name": "Contrast: GSM2700626.ch1-vs-GSM2700628.ch1", "clust": 9, "cat_2_index": 4, "cat_1_index": 2, "cat_0_index": 2, "cat-2": "Test_status: IPF", "cat-3": "Ref_status: HEALTHY/CONTROL", "rank": 6, "cat-1": "Sample_type: LUNG_BIOPSY", "ini": 12, "cat-0": "GSE: GSE101286", "rankvar": 11}, {"cat_3_index": 3, "group": [7.0, 2.0, 2.0, 2.0, 2.0, 2.0, 2.0, 2.0, 2.0, 1.0, 1.0], "name": "Contrast: GSM2700627.ch1-vs-GSM2700628.ch1", "clust": 5, "cat_2_index": 5, "cat_1_index": 3, "cat_0_index": 3, "cat-2": "Test_status: IPF", "cat-3": "Ref_status: HEALTHY/CONTROL", "rank": 9, "cat-1": "Sample_type: LUNG_BIOPSY", "ini": 11, "cat-0": "GSE: GSE101286", "rankvar": 10}, {"cat_3_index": 4, "group": [8.0, 2.0, 2.0, 2.0, 2.0, 2.0, 2.0, 2.0, 2.0, 1.0, 1.0], "name": "Contrast: GSM2700629.ch1-vs-GSM2700628.ch1", "clust": 4, "cat_2_index": 6, "cat_1_index": 4, "cat_0_index": 4, "cat-2": "Test_status: IPF", "cat-3": "Ref_status: HEALTHY/CONTROL", "rank": 5, "cat-1": "Sample_type: LUNG_BIOPSY", "ini": 10, "cat-0": "GSE: GSE101286", "rankvar": 13}, {"cat_3_index": 5, "group": [3.0, 2.0, 2.0, 2.0, 2.0, 2.0, 2.0, 2.0, 2.0, 1.0, 1.0], "name": "Contrast: GSM2700630.ch1-vs-GSM2700628.ch1", "clust": 2, "cat_2_index": 7, "cat_1_index": 5, "cat_0_index": 5, "cat-2": "Test_status: IPF", "cat-3": "Ref_status: HEALTHY/CONTROL", "rank": 13, "cat-1": "Sample_type: LUNG_BIOPSY", "ini": 9, "cat-0": "GSE: GSE101286", "rankvar": 0}, {"cat_3_index": 6, "group": [13.0, 3.0, 3.0, 2.0, 2.0, 2.0, 2.0, 2.0, 2.0, 1.0, 1.0], "name": "Contrast: GSM2700631.ch1-vs-GSM2700628.ch1", "clust": 12, "cat_2_index": 8, "cat_1_index": 6, "cat_0_index": 6, "cat-2": "Test_status: IPF", "cat-3": "Ref_status: HEALTHY/CONTROL", "rank": 3, "cat-1": "Sample_type: LUNG_BIOPSY", "ini": 8, "cat-0": "GSE: GSE101286", "rankvar": 2}, {"cat_3_index": 7, "group": [4.0, 2.0, 2.0, 2.0, 2.0, 2.0, 2.0, 2.0, 2.0, 1.0, 1.0], "name": "Contrast: GSM2700632.ch1-vs-GSM2700628.ch1", "clust": 3, "cat_2_index": 9, "cat_1_index": 7, "cat_0_index": 7, "cat-2": "Test_status: IPF", "cat-3": "Ref_status: HEALTHY/CONTROL", "rank": 12, "cat-1": "Sample_type: LUNG_BIOPSY", "ini": 7, "cat-0": "GSE: GSE101286", "rankvar": 1}, {"cat_3_index": 8, "group": [1.0, 1.0, 1.0, 1.0, 1.0, 1.0, 1.0, 1.0, 1.0, 1.0, 1.0], "name": "Contrast: GSM2700633.ch1-vs-GSM2700628.ch1", "clust": 0, "cat_2_index": 0, "cat_1_index": 8, "cat_0_index": 8, "cat-2": "Test_status: HEALTHY/CONTROL", "cat-3": "Ref_status: HEALTHY/CONTROL", "rank": 0, "cat-1": "Sample_type: LUNG_BIOPSY", "ini": 6, "cat-0": "GSE: GSE101286", "rankvar": 7}, {"cat_3_index": 9, "group": [14.0, 3.0, 3.0, 2.0, 2.0, 2.0, 2.0, 2.0, 2.0, 1.0, 1.0], "name": "Contrast: GSM2700634.ch1-vs-GSM2700628.ch1", "clust": 13, "cat_2_index": 10, "cat_1_index": 9, "cat_0_index": 9, "cat-2": "Test_status: IPF", "cat-3": "Ref_status: HEALTHY/CONTROL", "rank": 2, "cat-1": "Sample_type: LUNG_BIOPSY", "ini": 5, "cat-0": "GSE: GSE101286", "rankvar": 3}, {"cat_3_index": 10, "group": [11.0, 2.0, 2.0, 2.0, 2.0, 2.0, 2.0, 2.0, 2.0, 1.0, 1.0], "name": "Contrast: GSM2700635.ch1-vs-GSM2700628.ch1", "clust": 10, "cat_2_index": 11, "cat_1_index": 10, "cat_0_index": 10, "cat-2": "Test_status: IPF", "cat-3": "Ref_status: HEALTHY/CONTROL", "rank": 8, "cat-1": "Sample_type: LUNG_BIOPSY", "ini": 4, "cat-0": "GSE: GSE101286", "rankvar": 6}, {"cat_3_index": 11, "group": [12.0, 2.0, 2.0, 2.0, 2.0, 2.0, 2.0, 2.0, 2.0, 1.0, 1.0], "name": "Contrast: GSM2700636.ch1-vs-GSM2700628.ch1", "clust": 11, "cat_2_index": 12, "cat_1_index": 11, "cat_0_index": 11, "cat-2": "Test_status: IPF", "cat-3": "Ref_status: HEALTHY/CONTROL", "rank": 7, "cat-1": "Sample_type: LUNG_BIOPSY", "ini": 3, "cat-0": "GSE: GSE101286", "rankvar": 5}, {"cat_3_index": 12, "group": [6.0, 2.0, 2.0, 2.0, 2.0, 2.0, 2.0, 2.0, 2.0, 1.0, 1.0], "name": "Contrast: GSM2700637.ch1-vs-GSM2700628.ch1", "clust": 7, "cat_2_index": 13, "cat_1_index": 12, "cat_0_index": 12, "cat-2": "Test_status: NON_IPF_ILD", "cat-3": "Ref_status: HEALTHY/CONTROL", "rank": 10, "cat-1": "Sample_type: LUNG_BIOPSY", "ini": 2, "cat-0": "GSE: GSE101286", "rankvar": 9}, {"cat_3_index": 13, "group": [2.0, 1.0, 1.0, 1.0, 1.0, 1.0, 1.0, 1.0, 1.0, 1.0, 1.0], "name": "Contrast: GSM2700638.ch1-vs-GSM2700628.ch1", "clust": 1, "cat_2_index": 1, "cat_1_index": 13, "cat_0_index": 13, "cat-2": "Test_status: HEALTHY/CONTROL", "cat-3": "Ref_status: HEALTHY/CONTROL", "rank": 1, "cat-1": "Sample_type: LUNG_BIOPSY", "ini": 1, "cat-0": "GSE: GSE101286", "rankvar": 4}], "col_nodes": [{"cat_3_index": 0, "group": [5.0, 2.0, 2.0, 2.0, 2.0, 2.0, 2.0, 2.0, 2.0, 1.0, 1.0], "name": "Contrast: GSM2700624.ch1-vs-GSM2700628.ch1", "clust": 6, "cat_2_index": 2, "cat_1_index": 0, "cat_0_index": 0, "cat-2": "Test_status: IPF", "cat-3": "Ref_status: HEALTHY/CONTROL", "rank": 11, "cat-1": "Sample_type: LUNG_BIOPSY", "ini": 14, "cat-0": "GSE: GSE101286", "rankvar": 8}, {"cat_3_index": 1, "group": [9.0, 2.0, 2.0, 2.0, 2.0, 2.0, 2.0, 2.0, 2.0, 1.0, 1.0], "name": "Contrast: GSM2700625.ch1-vs-GSM2700628.ch1", "clust": 8, "cat_2_index": 3, "cat_1_index": 1, "cat_0_index": 1, "cat-2": "Test_status: IPF", "cat-3": "Ref_status: HEALTHY/CONTROL", "rank": 4, "cat-1": "Sample_type: LUNG_BIOPSY", "ini": 13, "cat-0": "GSE: GSE101286", "rankvar": 12}, {"cat_3_index": 2, "group": [10.0, 2.0, 2.0, 2.0, 2.0, 2.0, 2.0, 2.0, 2.0, 1.0, 1.0], "name": "Contrast: GSM2700626.ch1-vs-GSM2700628.ch1", "clust": 9, "cat_2_index": 4, "cat_1_index": 2, "cat_0_index": 2, "cat-2": "Test_status: IPF", "cat-3": "Ref_status: HEALTHY/CONTROL", "rank": 6, "cat-1": "Sample_type: LUNG_BIOPSY", "ini": 12, "cat-0": "GSE: GSE101286", "rankvar": 11}, {"cat_3_index": 3, "group": [7.0, 2.0, 2.0, 2.0, 2.0, 2.0, 2.0, 2.0, 2.0, 1.0, 1.0], "name": "Contrast: GSM2700627.ch1-vs-GSM2700628.ch1", "clust": 5, "cat_2_index": 5, "cat_1_index": 3, "cat_0_index": 3, "cat-2": "Test_status: IPF", "cat-3": "Ref_status: HEALTHY/CONTROL", "rank": 9, "cat-1": "Sample_type: LUNG_BIOPSY", "ini": 11, "cat-0": "GSE: GSE101286", "rankvar": 10}, {"cat_3_index": 4, "group": [8.0, 2.0, 2.0, 2.0, 2.0, 2.0, 2.0, 2.0, 2.0, 1.0, 1.0], "name": "Contrast: GSM2700629.ch1-vs-GSM2700628.ch1", "clust": 4, "cat_2_index": 6, "cat_1_index": 4, "cat_0_index": 4, "cat-2": "Test_status: IPF", "cat-3": "Ref_status: HEALTHY/CONTROL", "rank": 5, "cat-1": "Sample_type: LUNG_BIOPSY", "ini": 10, "cat-0": "GSE: GSE101286", "rankvar": 13}, {"cat_3_index": 5, "group": [3.0, 2.0, 2.0, 2.0, 2.0, 2.0, 2.0, 2.0, 2.0, 1.0, 1.0], "name": "Contrast: GSM2700630.ch1-vs-GSM2700628.ch1", "clust": 2, "cat_2_index": 7, "cat_1_index": 5, "cat_0_index": 5, "cat-2": "Test_status: IPF", "cat-3": "Ref_status: HEALTHY/CONTROL", "rank": 13, "cat-1": "Sample_type: LUNG_BIOPSY", "ini": 9, "cat-0": "GSE: GSE101286", "rankvar": 0}, {"cat_3_index": 6, "group": [13.0, 3.0, 3.0, 2.0, 2.0, 2.0, 2.0, 2.0, 2.0, 1.0, 1.0], "name": "Contrast: GSM2700631.ch1-vs-GSM2700628.ch1", "clust": 12, "cat_2_index": 8, "cat_1_index": 6, "cat_0_index": 6, "cat-2": "Test_status: IPF", "cat-3": "Ref_status: HEALTHY/CONTROL", "rank": 3, "cat-1": "Sample_type: LUNG_BIOPSY", "ini": 8, "cat-0": "GSE: GSE101286", "rankvar": 2}, {"cat_3_index": 7, "group": [4.0, 2.0, 2.0, 2.0, 2.0, 2.0, 2.0, 2.0, 2.0, 1.0, 1.0], "name": "Contrast: GSM2700632.ch1-vs-GSM2700628.ch1", "clust": 3, "cat_2_index": 9, "cat_1_index": 7, "cat_0_index": 7, "cat-2": "Test_status: IPF", "cat-3": "Ref_status: HEALTHY/CONTROL", "rank": 12, "cat-1": "Sample_type: LUNG_BIOPSY", "ini": 7, "cat-0": "GSE: GSE101286", "rankvar": 1}, {"cat_3_index": 8, "group": [1.0, 1.0, 1.0, 1.0, 1.0, 1.0, 1.0, 1.0, 1.0, 1.0, 1.0], "name": "Contrast: GSM2700633.ch1-vs-GSM2700628.ch1", "clust": 0, "cat_2_index": 0, "cat_1_index": 8, "cat_0_index": 8, "cat-2": "Test_status: HEALTHY/CONTROL", "cat-3": "Ref_status: HEALTHY/CONTROL", "rank": 0, "cat-1": "Sample_type: LUNG_BIOPSY", "ini": 6, "cat-0": "GSE: GSE101286", "rankvar": 7}, {"cat_3_index": 9, "group": [14.0, 3.0, 3.0, 2.0, 2.0, 2.0, 2.0, 2.0, 2.0, 1.0, 1.0], "name": "Contrast: GSM2700634.ch1-vs-GSM2700628.ch1", "clust": 13, "cat_2_index": 10, "cat_1_index": 9, "cat_0_index": 9, "cat-2": "Test_status: IPF", "cat-3": "Ref_status: HEALTHY/CONTROL", "rank": 2, "cat-1": "Sample_type: LUNG_BIOPSY", "ini": 5, "cat-0": "GSE: GSE101286", "rankvar": 3}, {"cat_3_index": 10, "group": [11.0, 2.0, 2.0, 2.0, 2.0, 2.0, 2.0, 2.0, 2.0, 1.0, 1.0], "name": "Contrast: GSM2700635.ch1-vs-GSM2700628.ch1", "clust": 10, "cat_2_index": 11, "cat_1_index": 10, "cat_0_index": 10, "cat-2": "Test_status: IPF", "cat-3": "Ref_status: HEALTHY/CONTROL", "rank": 8, "cat-1": "Sample_type: LUNG_BIOPSY", "ini": 4, "cat-0": "GSE: GSE101286", "rankvar": 6}, {"cat_3_index": 11, "group": [12.0, 2.0, 2.0, 2.0, 2.0, 2.0, 2.0, 2.0, 2.0, 1.0, 1.0], "name": "Contrast: GSM2700636.ch1-vs-GSM2700628.ch1", "clust": 11, "cat_2_index": 12, "cat_1_index": 11, "cat_0_index": 11, "cat-2": "Test_status: IPF", "cat-3": "Ref_status: HEALTHY/CONTROL", "rank": 7, "cat-1": "Sample_type: LUNG_BIOPSY", "ini": 3, "cat-0": "GSE: GSE101286", "rankvar": 5}, {"cat_3_index": 12, "group": [6.0, 2.0, 2.0, 2.0, 2.0, 2.0, 2.0, 2.0, 2.0, 1.0, 1.0], "name": "Contrast: GSM2700637.ch1-vs-GSM2700628.ch1", "clust": 7, "cat_2_index": 13, "cat_1_index": 12, "cat_0_index": 12, "cat-2": "Test_status: NON_IPF_ILD", "cat-3": "Ref_status: HEALTHY/CONTROL", "rank": 10, "cat-1": "Sample_type: LUNG_BIOPSY", "ini": 2, "cat-0": "GSE: GSE101286", "rankvar": 9}, {"cat_3_index": 13, "group": [2.0, 1.0, 1.0, 1.0, 1.0, 1.0, 1.0, 1.0, 1.0, 1.0, 1.0], "name": "Contrast: GSM2700638.ch1-vs-GSM2700628.ch1", "clust": 1, "cat_2_index": 1, "cat_1_index": 13, "cat_0_index": 13, "cat-2": "Test_status: HEALTHY/CONTROL", "cat-3": "Ref_status: HEALTHY/CONTROL", "rank": 1, "cat-1": "Sample_type: LUNG_BIOPSY", "ini": 1, "cat-0": "GSE: GSE101286", "rankvar": 4}]}