{"mat": [[1.0, 0.21410151645477815, 0.0, 0.0, 0.24821283271703565, 0.0, 0.0, 0.0, 0.0, 0.14752853702125268, 0.0, 0.4171868208580709, 0.0, 0.16883173826815379, 0.0, 0.0, 0.0, 0.0, 0.0, 0.0], [0.21410151645477815, 1.0, 0.4043662033007567, 0.562791572741913, 0.6196253571909671, 0.5513701865897603, 0.6485829682099018, 0.6500414377691935, 0.6896613924954977, 0.48064796670964216, 0.6359248785489079, -0.291416974229199, 0.4386170433770171, 0.4501375804401926, 0.5970890767404191, 0.5326362435906471, 0.297488799122277, 0.5551021831235835, 0.6613825553926322, 0.3249565912405459], [0.0, 0.4043662033007567, 1.0, 0.2983407921325436, 0.5685744768515347, 0.459408466170101, 0.6593928643983596, 0.6846408449912886, 0.6876382144416585, 0.5430950250658426, 0.6816229339495228, -0.3587869922136131, 0.4806285337344749, 0.4313186820077215, 0.6210962419802827, 0.6078718921425871, 0.3156699091515097, 0.4334052286288004, 0.6358171643358166, 0.0], [0.0, 0.562791572741913, 0.2983407921325436, 1.0, 0.6260608319085884, 0.6185137446725901, 0.6571262957456326, 0.6431476421974328, 0.6462857377986401, 0.6198365284546508, 0.5674301343692005, -0.22233782624930032, 0.5467914484413706, 0.5188431698017324, 0.6085993124680205, 0.41628071516210674, 0.24759403318743378, 0.5116219099408181, 0.6322802447467233, 0.2627166775120986], [0.24821283271703565, 0.6196253571909671, 0.5685744768515347, 0.6260608319085884, 1.0, 0.763521664433458, 0.8954198351266036, 0.8444860025340137, 0.8456565803104251, 0.6430167818575123, 0.6693647941888422, 0.0, 0.6981358827978493, 0.6139459341869651, 0.7638398219264557, 0.7421714509288839, 0.3574753379514335, 0.42290255611989624, 0.7911130331469106, 0.0], [0.0, 0.5513701865897603, 0.459408466170101, 0.6185137446725901, 0.763521664433458, 1.0, 0.7768907029675112, 0.7466645709354073, 0.7539841191576196, 0.6449112830614947, 0.6470438752581842, -0.24258637752141055, 0.8859212935954247, 0.7898697943552206, 0.8946230746618796, 0.6007863320980041, 0.3158785635145185, 0.5901485914524666, 0.7644384801141687, 0.23059439284923555], [0.0, 0.6485829682099018, 0.6593928643983596, 0.6571262957456326, 0.8954198351266036, 0.7768907029675112, 1.0, 0.9481899605556503, 0.9383627356560963, 0.7131391885181171, 0.7245612900619288, -0.2592866469220976, 0.6954395559888721, 0.6208956218051285, 0.8137336491497463, 0.7443509659781212, 0.3572901113327286, 0.5768359046642865, 0.8633364896283674, 0.0], [0.0, 0.6500414377691935, 0.6846408449912886, 0.6431476421974328, 0.8444860025340137, 0.7466645709354073, 0.9481899605556503, 1.0, 0.9832995284442548, 0.7173064881030524, 0.7890607532787561, -0.3498137022048442, 0.6772618567714014, 0.6068885944548246, 0.8293425218656588, 0.7523360648392566, 0.41406223208605875, 0.6266925483150861, 0.907041492697093, 0.122873342981354], [0.0, 0.6896613924954977, 0.6876382144416585, 0.6462857377986401, 0.8456565803104251, 0.7539841191576196, 0.9383627356560963, 0.9832995284442548, 1.0, 0.7113533823859296, 0.823517051061061, -0.3438158064529433, 0.6745929167593406, 0.6405641727941972, 0.8370312565248977, 0.7402834499733091, 0.493602608200161, 0.5965821848838644, 0.8870819566888422, 0.11988148648172547], [0.14752853702125268, 0.48064796670964216, 0.5430950250658426, 0.6198365284546508, 0.6430167818575123, 0.6449112830614947, 0.7131391885181171, 0.7173064881030524, 0.7113533823859296, 1.0, 0.6890249203614144, -0.33314166456503536, 0.7053985011158184, 0.7305974326468209, 0.7342424662952655, 0.64542255312964, 0.3293105576000972, 0.5972696518526138, 0.754831015450756, 0.10550595394402973], [0.0, 0.6359248785489079, 0.6816229339495228, 0.5674301343692005, 0.6693647941888422, 0.6470438752581842, 0.7245612900619288, 0.7890607532787561, 0.823517051061061, 0.6890249203614144, 1.0, -0.3754349189299506, 0.6171663970029406, 0.6414788980642887, 0.782418599699901, 0.5757756332535071, 0.458858948360358, 0.6289730721152065, 0.7732304542931103, 0.11510890533180584], [0.4171868208580709, -0.291416974229199, -0.3587869922136131, -0.22233782624930032, 0.0, -0.24258637752141055, -0.2592866469220976, -0.3498137022048442, -0.3438158064529433, -0.33314166456503536, -0.3754349189299506, 1.0, -0.32703786669684165, -0.2546476192997902, -0.4155528972362781, -0.17980812998619355, -0.10011936607343452, -0.49053766966760337, -0.4683979061721011, -0.265099111310257], [0.0, 0.4386170433770171, 0.4806285337344749, 0.5467914484413706, 0.6981358827978493, 0.8859212935954247, 0.6954395559888721, 0.6772618567714014, 0.6745929167593406, 0.7053985011158184, 0.6171663970029406, -0.32703786669684165, 1.0, 0.842357336511961, 0.8889842774370981, 0.5900856184037457, 0.31122930344281585, 0.5750213109922928, 0.7360570274217816, 0.14212783259343942], [0.16883173826815379, 0.4501375804401926, 0.4313186820077215, 0.5188431698017324, 0.6139459341869651, 0.7898697943552206, 0.6208956218051285, 0.6068885944548246, 0.6405641727941972, 0.7305974326468209, 0.6414788980642887, -0.2546476192997902, 0.842357336511961, 1.0, 0.8157004780610929, 0.5507461603389989, 0.43385831897510296, 0.4937979642311, 0.6336640561746301, 0.0], [0.0, 0.5970890767404191, 0.6210962419802827, 0.6085993124680205, 0.7638398219264557, 0.8946230746618796, 0.8137336491497463, 0.8293425218656588, 0.8370312565248977, 0.7342424662952655, 0.782418599699901, -0.4155528972362781, 0.8889842774370981, 0.8157004780610929, 1.0, 0.6631828399004426, 0.35483140233999766, 0.7061861201467328, 0.8632640890180449, 0.1886429375580162], [0.0, 0.5326362435906471, 0.6078718921425871, 0.41628071516210674, 0.7421714509288839, 0.6007863320980041, 0.7443509659781212, 0.7523360648392566, 0.7402834499733091, 0.64542255312964, 0.5757756332535071, -0.17980812998619355, 0.5900856184037457, 0.5507461603389989, 0.6631828399004426, 1.0, 0.26500249737610626, 0.47816184931477057, 0.7572029243183416, 0.0], [0.0, 0.297488799122277, 0.3156699091515097, 0.24759403318743378, 0.3574753379514335, 0.3158785635145185, 0.3572901113327286, 0.41406223208605875, 0.493602608200161, 0.3293105576000972, 0.458858948360358, -0.10011936607343452, 0.31122930344281585, 0.43385831897510296, 0.35483140233999766, 0.26500249737610626, 1.0, 0.0, 0.3418591907078776, 0.0], [0.0, 0.5551021831235835, 0.4334052286288004, 0.5116219099408181, 0.42290255611989624, 0.5901485914524666, 0.5768359046642865, 0.6266925483150861, 0.5965821848838644, 0.5972696518526138, 0.6289730721152065, -0.49053766966760337, 0.5750213109922928, 0.4937979642311, 0.7061861201467328, 0.47816184931477057, 0.0, 1.0, 0.7324588017460487, 0.33860592694090463], [0.0, 0.6613825553926322, 0.6358171643358166, 0.6322802447467233, 0.7911130331469106, 0.7644384801141687, 0.8633364896283674, 0.907041492697093, 0.8870819566888422, 0.754831015450756, 0.7732304542931103, -0.4683979061721011, 0.7360570274217816, 0.6336640561746301, 0.8632640890180449, 0.7572029243183416, 0.3418591907078776, 0.7324588017460487, 1.0, 0.23338043241994855], [0.0, 0.3249565912405459, 0.0, 0.2627166775120986, 0.0, 0.23059439284923555, 0.0, 0.122873342981354, 0.11988148648172547, 0.10550595394402973, 0.11510890533180584, -0.265099111310257, 0.14212783259343942, 0.0, 0.1886429375580162, 0.0, 0.0, 0.33860592694090463, 0.23338043241994855, 1.0]], "links": [], "views": [{"N_row_sum": "all", "dist": "cos", "nodes": {"row_nodes": [{"group": [19.0, 3.0, 3.0, 2.0, 2.0, 2.0, 2.0, 2.0, 1.0, 1.0, 1.0], "name": "Gene: CCL11", "clust": 18, "rank": 1, "ini": 20, "rankvar": 1}, {"group": [14.0, 1.0, 1.0, 1.0, 1.0, 1.0, 1.0, 1.0, 1.0, 1.0, 1.0], "name": "Gene: CCL13", "clust": 4, "rank": 7, "ini": 19, "rankvar": 3}, {"group": [15.0, 1.0, 1.0, 1.0, 1.0, 1.0, 1.0, 1.0, 1.0, 1.0, 1.0], "name": "Gene: CCL19", "clust": 3, "rank": 4, "ini": 18, "rankvar": 9}, {"group": [13.0, 1.0, 1.0, 1.0, 1.0, 1.0, 1.0, 1.0, 1.0, 1.0, 1.0], "name": "Gene: CDH2", "clust": 5, "rank": 6, "ini": 17, "rankvar": 4}, {"group": [12.0, 1.0, 1.0, 1.0, 1.0, 1.0, 1.0, 1.0, 1.0, 1.0, 1.0], "name": "Gene: COL14A1", "clust": 11, "rank": 14, "ini": 16, "rankvar": 5}, {"group": [1.0, 1.0, 1.0, 1.0, 1.0, 1.0, 1.0, 1.0, 1.0, 1.0, 1.0], "name": "Gene: COL17A1", "clust": 9, "rank": 13, "ini": 15, "rankvar": 10}, {"group": [8.0, 1.0, 1.0, 1.0, 1.0, 1.0, 1.0, 1.0, 1.0, 1.0, 1.0], "name": "Gene: COL1A1", "clust": 15, "rank": 15, "ini": 14, "rankvar": 14}, {"group": [6.0, 1.0, 1.0, 1.0, 1.0, 1.0, 1.0, 1.0, 1.0, 1.0, 1.0], "name": "Gene: COL1A2", "clust": 16, "rank": 18, "ini": 13, "rankvar": 17}, {"group": [7.0, 1.0, 1.0, 1.0, 1.0, 1.0, 1.0, 1.0, 1.0, 1.0, 1.0], "name": "Gene: COL3A1", "clust": 17, "rank": 19, "ini": 12, "rankvar": 15}, {"group": [5.0, 1.0, 1.0, 1.0, 1.0, 1.0, 1.0, 1.0, 1.0, 1.0, 1.0], "name": "Gene: GREM1", "clust": 6, "rank": 11, "ini": 11, "rankvar": 8}, {"group": [10.0, 1.0, 1.0, 1.0, 1.0, 1.0, 1.0, 1.0, 1.0, 1.0, 1.0], "name": "Gene: IL13RA2", "clust": 13, "rank": 12, "ini": 10, "rankvar": 11}, {"group": [20.0, 4.0, 4.0, 3.0, 2.0, 2.0, 2.0, 2.0, 1.0, 1.0, 1.0], "name": "Gene: IL1RL1", "clust": 19, "rank": 0, "ini": 9, "rankvar": 16}, {"group": [2.0, 1.0, 1.0, 1.0, 1.0, 1.0, 1.0, 1.0, 1.0, 1.0, 1.0], "name": "Gene: KRT5", "clust": 10, "rank": 10, "ini": 8, "rankvar": 13}, {"group": [4.0, 1.0, 1.0, 1.0, 1.0, 1.0, 1.0, 1.0, 1.0, 1.0, 1.0], "name": "Gene: MMP1", "clust": 7, "rank": 9, "ini": 7, "rankvar": 6}, {"group": [3.0, 1.0, 1.0, 1.0, 1.0, 1.0, 1.0, 1.0, 1.0, 1.0, 1.0], "name": "Gene: MMP7", "clust": 8, "rank": 17, "ini": 6, "rankvar": 18}, {"group": [11.0, 1.0, 1.0, 1.0, 1.0, 1.0, 1.0, 1.0, 1.0, 1.0, 1.0], "name": "Gene: PLA2G2A", "clust": 12, "rank": 8, "ini": 5, "rankvar": 7}, {"group": [17.0, 1.0, 1.0, 1.0, 1.0, 1.0, 1.0, 1.0, 1.0, 1.0, 1.0], "name": "Gene: RPS4Y1", "clust": 1, "rank": 3, "ini": 4, "rankvar": 0}, {"group": [16.0, 1.0, 1.0, 1.0, 1.0, 1.0, 1.0, 1.0, 1.0, 1.0, 1.0], "name": "Gene: SCG5", "clust": 2, "rank": 5, "ini": 3, "rankvar": 12}, {"group": [9.0, 1.0, 1.0, 1.0, 1.0, 1.0, 1.0, 1.0, 1.0, 1.0, 1.0], "name": "Gene: SFRP2", "clust": 14, "rank": 16, "ini": 2, "rankvar": 19}, {"group": [18.0, 2.0, 2.0, 1.0, 1.0, 1.0, 1.0, 1.0, 1.0, 1.0, 1.0], "name": "Gene: WNT10A", "clust": 0, "rank": 2, "ini": 1, "rankvar": 2}], "col_nodes": [{"group": [19.0, 3.0, 3.0, 2.0, 2.0, 2.0, 2.0, 2.0, 1.0, 1.0, 1.0], "name": "Gene: CCL11", "clust": 18, "rank": 1, "ini": 20, "rankvar": 1}, {"group": [14.0, 1.0, 1.0, 1.0, 1.0, 1.0, 1.0, 1.0, 1.0, 1.0, 1.0], "name": "Gene: CCL13", "clust": 4, "rank": 7, "ini": 19, "rankvar": 3}, {"group": [15.0, 1.0, 1.0, 1.0, 1.0, 1.0, 1.0, 1.0, 1.0, 1.0, 1.0], "name": "Gene: CCL19", "clust": 3, "rank": 4, "ini": 18, "rankvar": 9}, {"group": [13.0, 1.0, 1.0, 1.0, 1.0, 1.0, 1.0, 1.0, 1.0, 1.0, 1.0], "name": "Gene: CDH2", "clust": 5, "rank": 6, "ini": 17, "rankvar": 4}, {"group": [12.0, 1.0, 1.0, 1.0, 1.0, 1.0, 1.0, 1.0, 1.0, 1.0, 1.0], "name": "Gene: COL14A1", "clust": 11, "rank": 14, "ini": 16, "rankvar": 5}, {"group": [1.0, 1.0, 1.0, 1.0, 1.0, 1.0, 1.0, 1.0, 1.0, 1.0, 1.0], "name": "Gene: COL17A1", "clust": 9, "rank": 13, "ini": 15, "rankvar": 10}, {"group": [8.0, 1.0, 1.0, 1.0, 1.0, 1.0, 1.0, 1.0, 1.0, 1.0, 1.0], "name": "Gene: COL1A1", "clust": 15, "rank": 15, "ini": 14, "rankvar": 14}, {"group": [6.0, 1.0, 1.0, 1.0, 1.0, 1.0, 1.0, 1.0, 1.0, 1.0, 1.0], "name": "Gene: COL1A2", "clust": 16, "rank": 18, "ini": 13, "rankvar": 17}, {"group": [7.0, 1.0, 1.0, 1.0, 1.0, 1.0, 1.0, 1.0, 1.0, 1.0, 1.0], "name": "Gene: COL3A1", "clust": 17, "rank": 19, "ini": 12, "rankvar": 15}, {"group": [5.0, 1.0, 1.0, 1.0, 1.0, 1.0, 1.0, 1.0, 1.0, 1.0, 1.0], "name": "Gene: GREM1", "clust": 6, "rank": 11, "ini": 11, "rankvar": 8}, {"group": [10.0, 1.0, 1.0, 1.0, 1.0, 1.0, 1.0, 1.0, 1.0, 1.0, 1.0], "name": "Gene: IL13RA2", "clust": 13, "rank": 12, "ini": 10, "rankvar": 11}, {"group": [20.0, 4.0, 4.0, 3.0, 2.0, 2.0, 2.0, 2.0, 1.0, 1.0, 1.0], "name": "Gene: IL1RL1", "clust": 19, "rank": 0, "ini": 9, "rankvar": 16}, {"group": [2.0, 1.0, 1.0, 1.0, 1.0, 1.0, 1.0, 1.0, 1.0, 1.0, 1.0], "name": "Gene: KRT5", "clust": 10, "rank": 10, "ini": 8, "rankvar": 13}, {"group": [4.0, 1.0, 1.0, 1.0, 1.0, 1.0, 1.0, 1.0, 1.0, 1.0, 1.0], "name": "Gene: MMP1", "clust": 7, "rank": 9, "ini": 7, "rankvar": 6}, {"group": [3.0, 1.0, 1.0, 1.0, 1.0, 1.0, 1.0, 1.0, 1.0, 1.0, 1.0], "name": "Gene: MMP7", "clust": 8, "rank": 17, "ini": 6, "rankvar": 18}, {"group": [11.0, 1.0, 1.0, 1.0, 1.0, 1.0, 1.0, 1.0, 1.0, 1.0, 1.0], "name": "Gene: PLA2G2A", "clust": 12, "rank": 8, "ini": 5, "rankvar": 7}, {"group": [17.0, 1.0, 1.0, 1.0, 1.0, 1.0, 1.0, 1.0, 1.0, 1.0, 1.0], "name": "Gene: RPS4Y1", "clust": 1, "rank": 3, "ini": 4, "rankvar": 0}, {"group": [16.0, 1.0, 1.0, 1.0, 1.0, 1.0, 1.0, 1.0, 1.0, 1.0, 1.0], "name": "Gene: SCG5", "clust": 2, "rank": 5, "ini": 3, "rankvar": 12}, {"group": [9.0, 1.0, 1.0, 1.0, 1.0, 1.0, 1.0, 1.0, 1.0, 1.0, 1.0], "name": "Gene: SFRP2", "clust": 14, "rank": 16, "ini": 2, "rankvar": 19}, {"group": [18.0, 2.0, 2.0, 1.0, 1.0, 1.0, 1.0, 1.0, 1.0, 1.0, 1.0], "name": "Gene: WNT10A", "clust": 0, "rank": 2, "ini": 1, "rankvar": 2}]}}, {"N_row_sum": 10, "dist": "cos", "nodes": {"row_nodes": [{"group": [1.0, 1.0, 1.0, 1.0, 1.0, 1.0, 1.0, 1.0, 1.0, 1.0, 1.0], "name": "Gene: COL3A1", "clust": 4, "rank": 9, "ini": 10, "rankvar": 6}, {"group": [2.0, 1.0, 1.0, 1.0, 1.0, 1.0, 1.0, 1.0, 1.0, 1.0, 1.0], "name": "Gene: COL1A2", "clust": 5, "rank": 8, "ini": 9, "rankvar": 7}, {"group": [8.0, 6.0, 3.0, 2.0, 2.0, 2.0, 1.0, 1.0, 1.0, 1.0, 1.0], "name": "Gene: MMP7", "clust": 7, "rank": 7, "ini": 8, "rankvar": 8}, {"group": [4.0, 2.0, 1.0, 1.0, 1.0, 1.0, 1.0, 1.0, 1.0, 1.0, 1.0], "name": "Gene: SFRP2", "clust": 2, "rank": 6, "ini": 7, "rankvar": 9}, {"group": [3.0, 1.0, 1.0, 1.0, 1.0, 1.0, 1.0, 1.0, 1.0, 1.0, 1.0], "name": "Gene: COL1A1", "clust": 3, "rank": 5, "ini": 6, "rankvar": 5}, {"group": [10.0, 8.0, 5.0, 4.0, 4.0, 3.0, 2.0, 1.0, 1.0, 1.0, 1.0], "name": "Gene: COL14A1", "clust": 0, "rank": 4, "ini": 5, "rankvar": 0}, {"group": [6.0, 4.0, 3.0, 2.0, 2.0, 2.0, 1.0, 1.0, 1.0, 1.0, 1.0], "name": "Gene: COL17A1", "clust": 8, "rank": 3, "ini": 4, "rankvar": 2}, {"group": [5.0, 3.0, 2.0, 1.0, 1.0, 1.0, 1.0, 1.0, 1.0, 1.0, 1.0], "name": "Gene: IL13RA2", "clust": 1, "rank": 2, "ini": 3, "rankvar": 3}, {"group": [9.0, 7.0, 4.0, 3.0, 3.0, 2.0, 1.0, 1.0, 1.0, 1.0, 1.0], "name": "Gene: GREM1", "clust": 6, "rank": 1, "ini": 2, "rankvar": 1}, {"group": [7.0, 5.0, 3.0, 2.0, 2.0, 2.0, 1.0, 1.0, 1.0, 1.0, 1.0], "name": "Gene: KRT5", "clust": 9, "rank": 0, "ini": 1, "rankvar": 4}], "col_nodes": [{"group": [19.0, 2.0, 2.0, 2.0, 1.0, 1.0, 1.0, 1.0, 1.0, 1.0, 1.0], "name": "Gene: CCL11", "clust": 1, "rank": 1, "ini": 20, "rankvar": 9}, {"group": [7.0, 1.0, 1.0, 1.0, 1.0, 1.0, 1.0, 1.0, 1.0, 1.0, 1.0], "name": "Gene: CCL13", "clust": 7, "rank": 4, "ini": 19, "rankvar": 5}, {"group": [1.0, 1.0, 1.0, 1.0, 1.0, 1.0, 1.0, 1.0, 1.0, 1.0, 1.0], "name": "Gene: CCL19", "clust": 4, "rank": 5, "ini": 18, "rankvar": 8}, {"group": [8.0, 1.0, 1.0, 1.0, 1.0, 1.0, 1.0, 1.0, 1.0, 1.0, 1.0], "name": "Gene: CDH2", "clust": 12, "rank": 7, "ini": 17, "rankvar": 0}, {"group": [11.0, 1.0, 1.0, 1.0, 1.0, 1.0, 1.0, 1.0, 1.0, 1.0, 1.0], "name": "Gene: COL14A1", "clust": 6, "rank": 14, "ini": 16, "rankvar": 13}, {"group": [14.0, 1.0, 1.0, 1.0, 1.0, 1.0, 1.0, 1.0, 1.0, 1.0, 1.0], "name": "Gene: COL17A1", "clust": 16, "rank": 13, "ini": 15, "rankvar": 16}, {"group": [6.0, 1.0, 1.0, 1.0, 1.0, 1.0, 1.0, 1.0, 1.0, 1.0, 1.0], "name": "Gene: COL1A1", "clust": 8, "rank": 16, "ini": 14, "rankvar": 12}, {"group": [4.0, 1.0, 1.0, 1.0, 1.0, 1.0, 1.0, 1.0, 1.0, 1.0, 1.0], "name": "Gene: COL1A2", "clust": 9, "rank": 18, "ini": 13, "rankvar": 17}, {"group": [5.0, 1.0, 1.0, 1.0, 1.0, 1.0, 1.0, 1.0, 1.0, 1.0, 1.0], "name": "Gene: COL3A1", "clust": 10, "rank": 19, "ini": 12, "rankvar": 14}, {"group": [16.0, 1.0, 1.0, 1.0, 1.0, 1.0, 1.0, 1.0, 1.0, 1.0, 1.0], "name": "Gene: GREM1", "clust": 18, "rank": 10, "ini": 11, "rankvar": 11}, {"group": [2.0, 1.0, 1.0, 1.0, 1.0, 1.0, 1.0, 1.0, 1.0, 1.0, 1.0], "name": "Gene: IL13RA2", "clust": 5, "rank": 11, "ini": 10, "rankvar": 15}, {"group": [20.0, 3.0, 3.0, 3.0, 2.0, 2.0, 2.0, 2.0, 2.0, 2.0, 1.0], "name": "Gene: IL1RL1", "clust": 0, "rank": 0, "ini": 9, "rankvar": 19}, {"group": [12.0, 1.0, 1.0, 1.0, 1.0, 1.0, 1.0, 1.0, 1.0, 1.0, 1.0], "name": "Gene: KRT5", "clust": 14, "rank": 12, "ini": 8, "rankvar": 18}, {"group": [13.0, 1.0, 1.0, 1.0, 1.0, 1.0, 1.0, 1.0, 1.0, 1.0, 1.0], "name": "Gene: MMP1", "clust": 15, "rank": 9, "ini": 7, "rankvar": 10}, {"group": [15.0, 1.0, 1.0, 1.0, 1.0, 1.0, 1.0, 1.0, 1.0, 1.0, 1.0], "name": "Gene: MMP7", "clust": 17, "rank": 17, "ini": 6, "rankvar": 3}, {"group": [9.0, 1.0, 1.0, 1.0, 1.0, 1.0, 1.0, 1.0, 1.0, 1.0, 1.0], "name": "Gene: PLA2G2A", "clust": 13, "rank": 8, "ini": 5, "rankvar": 2}, {"group": [3.0, 1.0, 1.0, 1.0, 1.0, 1.0, 1.0, 1.0, 1.0, 1.0, 1.0], "name": "Gene: RPS4Y1", "clust": 3, "rank": 3, "ini": 4, "rankvar": 1}, {"group": [17.0, 1.0, 1.0, 1.0, 1.0, 1.0, 1.0, 1.0, 1.0, 1.0, 1.0], "name": "Gene: SCG5", "clust": 19, "rank": 6, "ini": 3, "rankvar": 6}, {"group": [10.0, 1.0, 1.0, 1.0, 1.0, 1.0, 1.0, 1.0, 1.0, 1.0, 1.0], "name": "Gene: SFRP2", "clust": 11, "rank": 15, "ini": 2, "rankvar": 7}, {"group": [18.0, 1.0, 1.0, 1.0, 1.0, 1.0, 1.0, 1.0, 1.0, 1.0, 1.0], "name": "Gene: WNT10A", "clust": 2, "rank": 2, "ini": 1, "rankvar": 4}]}}], "cat_colors": {"col": {}, "row": {}}, "row_nodes": [{"group": [19.0, 3.0, 3.0, 2.0, 2.0, 2.0, 2.0, 2.0, 1.0, 1.0, 1.0], "name": "Gene: CCL11", "clust": 18, "rank": 1, "ini": 20, "rankvar": 1}, {"group": [14.0, 1.0, 1.0, 1.0, 1.0, 1.0, 1.0, 1.0, 1.0, 1.0, 1.0], "name": "Gene: CCL13", "clust": 4, "rank": 7, "ini": 19, "rankvar": 3}, {"group": [15.0, 1.0, 1.0, 1.0, 1.0, 1.0, 1.0, 1.0, 1.0, 1.0, 1.0], "name": "Gene: CCL19", "clust": 3, "rank": 4, "ini": 18, "rankvar": 9}, {"group": [13.0, 1.0, 1.0, 1.0, 1.0, 1.0, 1.0, 1.0, 1.0, 1.0, 1.0], "name": "Gene: CDH2", "clust": 5, "rank": 6, "ini": 17, "rankvar": 4}, {"group": [12.0, 1.0, 1.0, 1.0, 1.0, 1.0, 1.0, 1.0, 1.0, 1.0, 1.0], "name": "Gene: COL14A1", "clust": 11, "rank": 14, "ini": 16, "rankvar": 5}, {"group": [1.0, 1.0, 1.0, 1.0, 1.0, 1.0, 1.0, 1.0, 1.0, 1.0, 1.0], "name": "Gene: COL17A1", "clust": 9, "rank": 13, "ini": 15, "rankvar": 10}, {"group": [8.0, 1.0, 1.0, 1.0, 1.0, 1.0, 1.0, 1.0, 1.0, 1.0, 1.0], "name": "Gene: COL1A1", "clust": 15, "rank": 15, "ini": 14, "rankvar": 14}, {"group": [6.0, 1.0, 1.0, 1.0, 1.0, 1.0, 1.0, 1.0, 1.0, 1.0, 1.0], "name": "Gene: COL1A2", "clust": 16, "rank": 18, "ini": 13, "rankvar": 17}, {"group": [7.0, 1.0, 1.0, 1.0, 1.0, 1.0, 1.0, 1.0, 1.0, 1.0, 1.0], "name": "Gene: COL3A1", "clust": 17, "rank": 19, "ini": 12, "rankvar": 15}, {"group": [5.0, 1.0, 1.0, 1.0, 1.0, 1.0, 1.0, 1.0, 1.0, 1.0, 1.0], "name": "Gene: GREM1", "clust": 6, "rank": 11, "ini": 11, "rankvar": 8}, {"group": [10.0, 1.0, 1.0, 1.0, 1.0, 1.0, 1.0, 1.0, 1.0, 1.0, 1.0], "name": "Gene: IL13RA2", "clust": 13, "rank": 12, "ini": 10, "rankvar": 11}, {"group": [20.0, 4.0, 4.0, 3.0, 2.0, 2.0, 2.0, 2.0, 1.0, 1.0, 1.0], "name": "Gene: IL1RL1", "clust": 19, "rank": 0, "ini": 9, "rankvar": 16}, {"group": [2.0, 1.0, 1.0, 1.0, 1.0, 1.0, 1.0, 1.0, 1.0, 1.0, 1.0], "name": "Gene: KRT5", "clust": 10, "rank": 10, "ini": 8, "rankvar": 13}, {"group": [4.0, 1.0, 1.0, 1.0, 1.0, 1.0, 1.0, 1.0, 1.0, 1.0, 1.0], "name": "Gene: MMP1", "clust": 7, "rank": 9, "ini": 7, "rankvar": 6}, {"group": [3.0, 1.0, 1.0, 1.0, 1.0, 1.0, 1.0, 1.0, 1.0, 1.0, 1.0], "name": "Gene: MMP7", "clust": 8, "rank": 17, "ini": 6, "rankvar": 18}, {"group": [11.0, 1.0, 1.0, 1.0, 1.0, 1.0, 1.0, 1.0, 1.0, 1.0, 1.0], "name": "Gene: PLA2G2A", "clust": 12, "rank": 8, "ini": 5, "rankvar": 7}, {"group": [17.0, 1.0, 1.0, 1.0, 1.0, 1.0, 1.0, 1.0, 1.0, 1.0, 1.0], "name": "Gene: RPS4Y1", "clust": 1, "rank": 3, "ini": 4, "rankvar": 0}, {"group": [16.0, 1.0, 1.0, 1.0, 1.0, 1.0, 1.0, 1.0, 1.0, 1.0, 1.0], "name": "Gene: SCG5", "clust": 2, "rank": 5, "ini": 3, "rankvar": 12}, {"group": [9.0, 1.0, 1.0, 1.0, 1.0, 1.0, 1.0, 1.0, 1.0, 1.0, 1.0], "name": "Gene: SFRP2", "clust": 14, "rank": 16, "ini": 2, "rankvar": 19}, {"group": [18.0, 2.0, 2.0, 1.0, 1.0, 1.0, 1.0, 1.0, 1.0, 1.0, 1.0], "name": "Gene: WNT10A", "clust": 0, "rank": 2, "ini": 1, "rankvar": 2}], "col_nodes": [{"group": [19.0, 3.0, 3.0, 2.0, 2.0, 2.0, 2.0, 2.0, 1.0, 1.0, 1.0], "name": "Gene: CCL11", "clust": 18, "rank": 1, "ini": 20, "rankvar": 1}, {"group": [14.0, 1.0, 1.0, 1.0, 1.0, 1.0, 1.0, 1.0, 1.0, 1.0, 1.0], "name": "Gene: CCL13", "clust": 4, "rank": 7, "ini": 19, "rankvar": 3}, {"group": [15.0, 1.0, 1.0, 1.0, 1.0, 1.0, 1.0, 1.0, 1.0, 1.0, 1.0], "name": "Gene: CCL19", "clust": 3, "rank": 4, "ini": 18, "rankvar": 9}, {"group": [13.0, 1.0, 1.0, 1.0, 1.0, 1.0, 1.0, 1.0, 1.0, 1.0, 1.0], "name": "Gene: CDH2", "clust": 5, "rank": 6, "ini": 17, "rankvar": 4}, {"group": [12.0, 1.0, 1.0, 1.0, 1.0, 1.0, 1.0, 1.0, 1.0, 1.0, 1.0], "name": "Gene: COL14A1", "clust": 11, "rank": 14, "ini": 16, "rankvar": 5}, {"group": [1.0, 1.0, 1.0, 1.0, 1.0, 1.0, 1.0, 1.0, 1.0, 1.0, 1.0], "name": "Gene: COL17A1", "clust": 9, "rank": 13, "ini": 15, "rankvar": 10}, {"group": [8.0, 1.0, 1.0, 1.0, 1.0, 1.0, 1.0, 1.0, 1.0, 1.0, 1.0], "name": "Gene: COL1A1", "clust": 15, "rank": 15, "ini": 14, "rankvar": 14}, {"group": [6.0, 1.0, 1.0, 1.0, 1.0, 1.0, 1.0, 1.0, 1.0, 1.0, 1.0], "name": "Gene: COL1A2", "clust": 16, "rank": 18, "ini": 13, "rankvar": 17}, {"group": [7.0, 1.0, 1.0, 1.0, 1.0, 1.0, 1.0, 1.0, 1.0, 1.0, 1.0], "name": "Gene: COL3A1", "clust": 17, "rank": 19, "ini": 12, "rankvar": 15}, {"group": [5.0, 1.0, 1.0, 1.0, 1.0, 1.0, 1.0, 1.0, 1.0, 1.0, 1.0], "name": "Gene: GREM1", "clust": 6, "rank": 11, "ini": 11, "rankvar": 8}, {"group": [10.0, 1.0, 1.0, 1.0, 1.0, 1.0, 1.0, 1.0, 1.0, 1.0, 1.0], "name": "Gene: IL13RA2", "clust": 13, "rank": 12, "ini": 10, "rankvar": 11}, {"group": [20.0, 4.0, 4.0, 3.0, 2.0, 2.0, 2.0, 2.0, 1.0, 1.0, 1.0], "name": "Gene: IL1RL1", "clust": 19, "rank": 0, "ini": 9, "rankvar": 16}, {"group": [2.0, 1.0, 1.0, 1.0, 1.0, 1.0, 1.0, 1.0, 1.0, 1.0, 1.0], "name": "Gene: KRT5", "clust": 10, "rank": 10, "ini": 8, "rankvar": 13}, {"group": [4.0, 1.0, 1.0, 1.0, 1.0, 1.0, 1.0, 1.0, 1.0, 1.0, 1.0], "name": "Gene: MMP1", "clust": 7, "rank": 9, "ini": 7, "rankvar": 6}, {"group": [3.0, 1.0, 1.0, 1.0, 1.0, 1.0, 1.0, 1.0, 1.0, 1.0, 1.0], "name": "Gene: MMP7", "clust": 8, "rank": 17, "ini": 6, "rankvar": 18}, {"group": [11.0, 1.0, 1.0, 1.0, 1.0, 1.0, 1.0, 1.0, 1.0, 1.0, 1.0], "name": "Gene: PLA2G2A", "clust": 12, "rank": 8, "ini": 5, "rankvar": 7}, {"group": [17.0, 1.0, 1.0, 1.0, 1.0, 1.0, 1.0, 1.0, 1.0, 1.0, 1.0], "name": "Gene: RPS4Y1", "clust": 1, "rank": 3, "ini": 4, "rankvar": 0}, {"group": [16.0, 1.0, 1.0, 1.0, 1.0, 1.0, 1.0, 1.0, 1.0, 1.0, 1.0], "name": "Gene: SCG5", "clust": 2, "rank": 5, "ini": 3, "rankvar": 12}, {"group": [9.0, 1.0, 1.0, 1.0, 1.0, 1.0, 1.0, 1.0, 1.0, 1.0, 1.0], "name": "Gene: SFRP2", "clust": 14, "rank": 16, "ini": 2, "rankvar": 19}, {"group": [18.0, 2.0, 2.0, 1.0, 1.0, 1.0, 1.0, 1.0, 1.0, 1.0, 1.0], "name": "Gene: WNT10A", "clust": 0, "rank": 2, "ini": 1, "rankvar": 2}]}