{"mat": [[1.0, 0.7403175839936138, 0.0, 0.13623469173838476, 0.2930312890420069, -0.17446324429495363, -0.2521395867481302, 0.6991937654390741, -0.2704189381444082, 0.4234743229142266, -0.12446524996220765, 0.0, 0.0, -0.27625286757967227, -0.27626246002596355, 0.44765168686398527, 0.10552670857971636, 0.24169683827395083, -0.5591938921785673, 0.0, 0.46000885068280417], [0.7403175839936138, 1.0, 0.16362481793943406, 0.12577931479303028, 0.42272970920566877, -0.40617509474211677, -0.31101793317365845, 0.644535712797097, -0.4380956615080429, 0.5960797798807547, -0.27016990381815287, 0.0, 0.0, -0.12977810093981024, -0.1817474173689404, 0.550541871967786, 0.19394176901384053, 0.3553323553194141, -0.5456039195116942, 0.0, 0.5771775453559466], [0.0, 0.16362481793943406, 1.0, 0.0, 0.0, -0.2574662758040154, -0.10954871507122887, 0.0, 0.0, 0.0, -0.1672480151245075, -0.13791409268513433, 0.10792610432380345, 0.11750919495652923, 0.0, 0.1793521075194091, 0.0, 0.0, 0.0, 0.0, 0.1431171526374394], [0.13623469173838476, 0.12577931479303028, 0.0, 1.0, 0.0, -0.3011481113858645, -0.1864105076035958, 0.0, 0.2226476727430723, 0.0, -0.1558916467438809, -0.19866819835853167, 0.0, 0.0, 0.0, -0.15932723428398665, 0.3104060854382983, 0.0, -0.1087615412785774, -0.10466050176931851, 0.1266554758253602], [0.2930312890420069, 0.42272970920566877, 0.0, 0.0, 1.0, -0.13155049481856285, 0.0, 0.3012034429058841, -0.12913062913621953, 0.24957732469815286, 0.16997690440646718, 0.23709112487209583, 0.1455703051034828, 0.0, 0.0, 0.34418702904310605, 0.3187063525119318, 0.3801974246010771, -0.23047813986875432, 0.11749968806397282, 0.16638469221704666], [-0.17446324429495363, -0.40617509474211677, -0.2574662758040154, -0.3011481113858645, -0.13155049481856285, 1.0, 0.2169660296536502, 0.0, 0.20957410421557077, -0.3174192166314036, 0.2967982481125002, 0.0, -0.17130367305696326, 0.0, -0.22759963406613548, -0.19662201245876276, -0.11424867083863899, -0.29512726003638234, 0.2555027212169283, 0.0, -0.33846241126444454], [-0.2521395867481302, -0.31101793317365845, -0.10954871507122887, -0.1864105076035958, 0.0, 0.2169660296536502, 1.0, -0.20929237496502706, 0.2006165929268766, -0.22975292951669446, 0.4408374981308947, 0.15286314851167837, 0.21087851286551074, -0.21853106971377034, 0.2922855071489414, -0.2612487352745283, 0.0, 0.0, 0.2767287689060087, 0.10259639820995314, -0.3818542080451808], [0.6991937654390741, 0.644535712797097, 0.0, 0.0, 0.3012034429058841, 0.0, -0.20929237496502706, 1.0, -0.2822140612056989, 0.42430741332957633, 0.0, 0.14446797234277375, 0.0, -0.29634197649881244, -0.32644377402801905, 0.472073416181915, 0.0, 0.13271687876659954, -0.32191317825841703, 0.0, 0.24785259470223564], [-0.2704189381444082, -0.4380956615080429, 0.0, 0.2226476727430723, -0.12913062913621953, 0.20957410421557077, 0.2006165929268766, -0.2822140612056989, 1.0, -0.5418156828739229, 0.1771813583688011, -0.21579226167097154, 0.10983146646653474, 0.0, 0.0, -0.38827613906529557, 0.18508656496529807, -0.38920957966595005, 0.35006998386109056, 0.0, -0.4887746142678062], [0.4234743229142266, 0.5960797798807547, 0.0, 0.0, 0.24957732469815286, -0.3174192166314036, -0.22975292951669446, 0.42430741332957633, -0.5418156828739229, 1.0, 0.0, 0.38554099744532633, 0.0, 0.0, 0.0, 0.42927570033596196, -0.1603082961057165, 0.5412645931400416, -0.6158236825111378, 0.20505317191821026, 0.5984200854341609], [-0.12446524996220765, -0.27016990381815287, -0.1672480151245075, -0.1558916467438809, 0.16997690440646718, 0.2967982481125002, 0.4408374981308947, 0.0, 0.1771813583688011, 0.0, 1.0, 0.6060914796838055, 0.14159230061972783, -0.26916403061261973, 0.2059526522987981, -0.19948450181426014, 0.0, 0.0, 0.14488256191372773, 0.33550521241221, -0.39070263383582615], [0.0, 0.0, -0.13791409268513433, -0.19866819835853167, 0.23709112487209583, 0.0, 0.15286314851167837, 0.14446797234277375, -0.21579226167097154, 0.38554099744532633, 0.6060914796838055, 1.0, 0.0, -0.176667710629566, 0.1746535730585148, 0.11939054871668431, -0.1121773247936535, 0.5397338376727588, -0.17767395642445005, 0.34720382996804156, 0.0], [0.0, 0.0, 0.10792610432380345, 0.0, 0.1455703051034828, -0.17130367305696326, 0.21087851286551074, 0.0, 0.10983146646653474, 0.0, 0.14159230061972783, 0.0, 1.0, 0.0, 0.49873378628201825, -0.1440908891404451, 0.13036315455265823, 0.0, 0.10499982765306926, 0.0, -0.10218843214575113], [-0.27625286757967227, -0.12977810093981024, 0.11750919495652923, 0.0, 0.0, 0.0, -0.21853106971377034, -0.29634197649881244, 0.0, 0.0, -0.26916403061261973, -0.176667710629566, 0.0, 1.0, 0.0, 0.0, 0.3065550644294237, 0.22495250595593952, 0.0, -0.17671743543816598, 0.2073303170498504], [-0.27626246002596355, -0.1817474173689404, 0.0, 0.0, 0.0, -0.22759963406613548, 0.2922855071489414, -0.32644377402801905, 0.0, 0.0, 0.2059526522987981, 0.1746535730585148, 0.49873378628201825, 0.0, 1.0, -0.3026470741778322, 0.0, 0.0, 0.16558652294032705, 0.2056462852032822, -0.1146771822410908], [0.44765168686398527, 0.550541871967786, 0.1793521075194091, -0.15932723428398665, 0.34418702904310605, -0.19662201245876276, -0.2612487352745283, 0.472073416181915, -0.38827613906529557, 0.42927570033596196, -0.19948450181426014, 0.11939054871668431, -0.1440908891404451, 0.0, -0.3026470741778322, 1.0, 0.0, 0.26468271562093826, -0.2743075611895922, 0.18809985853229394, 0.2915315260319802], [0.10552670857971636, 0.19394176901384053, 0.0, 0.3104060854382983, 0.3187063525119318, -0.11424867083863899, 0.0, 0.0, 0.18508656496529807, -0.1603082961057165, 0.0, -0.1121773247936535, 0.13036315455265823, 0.3065550644294237, 0.0, 0.0, 1.0, 0.16530600402149143, -0.17811059724708245, -0.19868735639104784, 0.19357873069969633], [0.24169683827395083, 0.3553323553194141, 0.0, 0.0, 0.3801974246010771, -0.29512726003638234, 0.0, 0.13271687876659954, -0.38920957966595005, 0.5412645931400416, 0.0, 0.5397338376727588, 0.0, 0.22495250595593952, 0.0, 0.26468271562093826, 0.16530600402149143, 1.0, -0.5022977691582606, 0.13187506790184378, 0.4199639722353208], [-0.5591938921785673, -0.5456039195116942, 0.0, -0.1087615412785774, -0.23047813986875432, 0.2555027212169283, 0.2767287689060087, -0.32191317825841703, 0.35006998386109056, -0.6158236825111378, 0.14488256191372773, -0.17767395642445005, 0.10499982765306926, 0.0, 0.16558652294032705, -0.2743075611895922, -0.17811059724708245, -0.5022977691582606, 1.0, 0.0, -0.7444962198289287], [0.0, 0.0, 0.0, -0.10466050176931851, 0.11749968806397282, 0.0, 0.10259639820995314, 0.0, 0.0, 0.20505317191821026, 0.33550521241221, 0.34720382996804156, 0.0, -0.17671743543816598, 0.2056462852032822, 0.18809985853229394, -0.19868735639104784, 0.13187506790184378, 0.0, 1.0, -0.18540801238905202], [0.46000885068280417, 0.5771775453559466, 0.1431171526374394, 0.1266554758253602, 0.16638469221704666, -0.33846241126444454, -0.3818542080451808, 0.24785259470223564, -0.4887746142678062, 0.5984200854341609, -0.39070263383582615, 0.0, -0.10218843214575113, 0.2073303170498504, -0.1146771822410908, 0.2915315260319802, 0.19357873069969633, 0.4199639722353208, -0.7444962198289287, -0.18540801238905202, 1.0]], "links": [], "views": [{"N_row_sum": "all", "dist": "cos", "nodes": {"row_nodes": [{"group": [10.0, 10.0, 6.0, 4.0, 2.0, 2.0, 2.0, 1.0, 1.0, 1.0, 1.0], "name": "Gene: ATP11A", "clust": 12, "rank": 14, "ini": 21, "rankvar": 16}, {"group": [11.0, 10.0, 6.0, 4.0, 2.0, 2.0, 2.0, 1.0, 1.0, 1.0, 1.0], "name": "Gene: CFTR", "clust": 13, "rank": 18, "ini": 20, "rankvar": 20}, {"group": [21.0, 17.0, 10.0, 7.0, 4.0, 2.0, 2.0, 1.0, 1.0, 1.0, 1.0], "name": "Gene: CHRNA5", "clust": 17, "rank": 6, "ini": 19, "rankvar": 0}, {"group": [18.0, 14.0, 7.0, 5.0, 3.0, 2.0, 2.0, 1.0, 1.0, 1.0, 1.0], "name": "Gene: DSP", "clust": 19, "rank": 4, "ini": 18, "rankvar": 5}, {"group": [17.0, 13.0, 6.0, 4.0, 2.0, 2.0, 2.0, 1.0, 1.0, 1.0, 1.0], "name": "Gene: FGG", "clust": 9, "rank": 20, "ini": 17, "rankvar": 4}, {"group": [7.0, 7.0, 4.0, 2.0, 1.0, 1.0, 1.0, 1.0, 1.0, 1.0, 1.0], "name": "Gene: FOXF1", "clust": 4, "rank": 1, "ini": 16, "rankvar": 9}, {"group": [3.0, 3.0, 2.0, 2.0, 1.0, 1.0, 1.0, 1.0, 1.0, 1.0, 1.0], "name": "Gene: FRZB", "clust": 2, "rank": 5, "ini": 15, "rankvar": 10}, {"group": [12.0, 10.0, 6.0, 4.0, 2.0, 2.0, 2.0, 1.0, 1.0, 1.0, 1.0], "name": "Gene: HHIP", "clust": 11, "rank": 15, "ini": 14, "rankvar": 15}, {"group": [5.0, 5.0, 3.0, 2.0, 1.0, 1.0, 1.0, 1.0, 1.0, 1.0, 1.0], "name": "Gene: HYKK", "clust": 5, "rank": 2, "ini": 13, "rankvar": 14}, {"group": [14.0, 11.0, 6.0, 4.0, 2.0, 2.0, 2.0, 1.0, 1.0, 1.0, 1.0], "name": "Gene: JUN", "clust": 15, "rank": 17, "ini": 12, "rankvar": 17}, {"group": [4.0, 4.0, 2.0, 2.0, 1.0, 1.0, 1.0, 1.0, 1.0, 1.0, 1.0], "name": "Gene: JUNB", "clust": 3, "rank": 9, "ini": 11, "rankvar": 11}, {"group": [8.0, 8.0, 5.0, 3.0, 2.0, 2.0, 2.0, 1.0, 1.0, 1.0, 1.0], "name": "Gene: JUND", "clust": 7, "rank": 16, "ini": 10, "rankvar": 8}, {"group": [1.0, 1.0, 1.0, 1.0, 1.0, 1.0, 1.0, 1.0, 1.0, 1.0, 1.0], "name": "Gene: MMP12", "clust": 0, "rank": 11, "ini": 9, "rankvar": 1}, {"group": [20.0, 16.0, 9.0, 6.0, 3.0, 2.0, 2.0, 1.0, 1.0, 1.0, 1.0], "name": "Gene: MMP8", "clust": 18, "rank": 3, "ini": 8, "rankvar": 6}, {"group": [2.0, 2.0, 1.0, 1.0, 1.0, 1.0, 1.0, 1.0, 1.0, 1.0, 1.0], "name": "Gene: MMP9", "clust": 1, "rank": 7, "ini": 7, "rankvar": 7}, {"group": [13.0, 10.0, 6.0, 4.0, 2.0, 2.0, 2.0, 1.0, 1.0, 1.0, 1.0], "name": "Gene: PPARG", "clust": 10, "rank": 13, "ini": 6, "rankvar": 13}, {"group": [19.0, 15.0, 8.0, 5.0, 3.0, 2.0, 2.0, 1.0, 1.0, 1.0, 1.0], "name": "Gene: PRKAR2A", "clust": 20, "rank": 12, "ini": 5, "rankvar": 3}, {"group": [15.0, 11.0, 6.0, 4.0, 2.0, 2.0, 2.0, 1.0, 1.0, 1.0, 1.0], "name": "Gene: SERPINE1", "clust": 16, "rank": 19, "ini": 4, "rankvar": 12}, {"group": [6.0, 6.0, 3.0, 2.0, 1.0, 1.0, 1.0, 1.0, 1.0, 1.0, 1.0], "name": "Gene: STX8", "clust": 6, "rank": 0, "ini": 3, "rankvar": 18}, {"group": [9.0, 9.0, 5.0, 3.0, 2.0, 2.0, 2.0, 1.0, 1.0, 1.0, 1.0], "name": "Gene: TNF", "clust": 8, "rank": 10, "ini": 2, "rankvar": 2}, {"group": [16.0, 12.0, 6.0, 4.0, 2.0, 2.0, 2.0, 1.0, 1.0, 1.0, 1.0], "name": "Gene: UBR4", "clust": 14, "rank": 8, "ini": 1, "rankvar": 19}], "col_nodes": [{"group": [10.0, 10.0, 6.0, 4.0, 2.0, 2.0, 2.0, 1.0, 1.0, 1.0, 1.0], "name": "Gene: ATP11A", "clust": 12, "rank": 14, "ini": 21, "rankvar": 16}, {"group": [11.0, 10.0, 6.0, 4.0, 2.0, 2.0, 2.0, 1.0, 1.0, 1.0, 1.0], "name": "Gene: CFTR", "clust": 13, "rank": 18, "ini": 20, "rankvar": 20}, {"group": [21.0, 17.0, 10.0, 7.0, 4.0, 2.0, 2.0, 1.0, 1.0, 1.0, 1.0], "name": "Gene: CHRNA5", "clust": 17, "rank": 6, "ini": 19, "rankvar": 0}, {"group": [18.0, 14.0, 7.0, 5.0, 3.0, 2.0, 2.0, 1.0, 1.0, 1.0, 1.0], "name": "Gene: DSP", "clust": 19, "rank": 4, "ini": 18, "rankvar": 5}, {"group": [17.0, 13.0, 6.0, 4.0, 2.0, 2.0, 2.0, 1.0, 1.0, 1.0, 1.0], "name": "Gene: FGG", "clust": 9, "rank": 20, "ini": 17, "rankvar": 4}, {"group": [7.0, 7.0, 4.0, 2.0, 1.0, 1.0, 1.0, 1.0, 1.0, 1.0, 1.0], "name": "Gene: FOXF1", "clust": 4, "rank": 1, "ini": 16, "rankvar": 9}, {"group": [3.0, 3.0, 2.0, 2.0, 1.0, 1.0, 1.0, 1.0, 1.0, 1.0, 1.0], "name": "Gene: FRZB", "clust": 2, "rank": 5, "ini": 15, "rankvar": 10}, {"group": [12.0, 10.0, 6.0, 4.0, 2.0, 2.0, 2.0, 1.0, 1.0, 1.0, 1.0], "name": "Gene: HHIP", "clust": 11, "rank": 15, "ini": 14, "rankvar": 15}, {"group": [5.0, 5.0, 3.0, 2.0, 1.0, 1.0, 1.0, 1.0, 1.0, 1.0, 1.0], "name": "Gene: HYKK", "clust": 5, "rank": 2, "ini": 13, "rankvar": 14}, {"group": [14.0, 11.0, 6.0, 4.0, 2.0, 2.0, 2.0, 1.0, 1.0, 1.0, 1.0], "name": "Gene: JUN", "clust": 15, "rank": 17, "ini": 12, "rankvar": 17}, {"group": [4.0, 4.0, 2.0, 2.0, 1.0, 1.0, 1.0, 1.0, 1.0, 1.0, 1.0], "name": "Gene: JUNB", "clust": 3, "rank": 9, "ini": 11, "rankvar": 11}, {"group": [8.0, 8.0, 5.0, 3.0, 2.0, 2.0, 2.0, 1.0, 1.0, 1.0, 1.0], "name": "Gene: JUND", "clust": 7, "rank": 16, "ini": 10, "rankvar": 8}, {"group": [1.0, 1.0, 1.0, 1.0, 1.0, 1.0, 1.0, 1.0, 1.0, 1.0, 1.0], "name": "Gene: MMP12", "clust": 0, "rank": 11, "ini": 9, "rankvar": 1}, {"group": [20.0, 16.0, 9.0, 6.0, 3.0, 2.0, 2.0, 1.0, 1.0, 1.0, 1.0], "name": "Gene: MMP8", "clust": 18, "rank": 3, "ini": 8, "rankvar": 6}, {"group": [2.0, 2.0, 1.0, 1.0, 1.0, 1.0, 1.0, 1.0, 1.0, 1.0, 1.0], "name": "Gene: MMP9", "clust": 1, "rank": 7, "ini": 7, "rankvar": 7}, {"group": [13.0, 10.0, 6.0, 4.0, 2.0, 2.0, 2.0, 1.0, 1.0, 1.0, 1.0], "name": "Gene: PPARG", "clust": 10, "rank": 13, "ini": 6, "rankvar": 13}, {"group": [19.0, 15.0, 8.0, 5.0, 3.0, 2.0, 2.0, 1.0, 1.0, 1.0, 1.0], "name": "Gene: PRKAR2A", "clust": 20, "rank": 12, "ini": 5, "rankvar": 3}, {"group": [15.0, 11.0, 6.0, 4.0, 2.0, 2.0, 2.0, 1.0, 1.0, 1.0, 1.0], "name": "Gene: SERPINE1", "clust": 16, "rank": 19, "ini": 4, "rankvar": 12}, {"group": [6.0, 6.0, 3.0, 2.0, 1.0, 1.0, 1.0, 1.0, 1.0, 1.0, 1.0], "name": "Gene: STX8", "clust": 6, "rank": 0, "ini": 3, "rankvar": 18}, {"group": [9.0, 9.0, 5.0, 3.0, 2.0, 2.0, 2.0, 1.0, 1.0, 1.0, 1.0], "name": "Gene: TNF", "clust": 8, "rank": 10, "ini": 2, "rankvar": 2}, {"group": [16.0, 12.0, 6.0, 4.0, 2.0, 2.0, 2.0, 1.0, 1.0, 1.0, 1.0], "name": "Gene: UBR4", "clust": 14, "rank": 8, "ini": 1, "rankvar": 19}]}}, {"N_row_sum": 20, "dist": "cos", "nodes": {"row_nodes": [{"group": [19.0, 15.0, 8.0, 5.0, 3.0, 2.0, 2.0, 1.0, 1.0, 1.0, 1.0], "name": "Gene: FGG", "clust": 12, "rank": 19, "ini": 20, "rankvar": 4}, {"group": [16.0, 13.0, 8.0, 5.0, 3.0, 2.0, 2.0, 1.0, 1.0, 1.0, 1.0], "name": "Gene: SERPINE1", "clust": 18, "rank": 18, "ini": 19, "rankvar": 11}, {"group": [12.0, 12.0, 8.0, 5.0, 3.0, 2.0, 2.0, 1.0, 1.0, 1.0, 1.0], "name": "Gene: CFTR", "clust": 15, "rank": 17, "ini": 18, "rankvar": 19}, {"group": [17.0, 13.0, 8.0, 5.0, 3.0, 2.0, 2.0, 1.0, 1.0, 1.0, 1.0], "name": "Gene: JUN", "clust": 19, "rank": 16, "ini": 17, "rankvar": 16}, {"group": [10.0, 10.0, 7.0, 4.0, 3.0, 2.0, 2.0, 1.0, 1.0, 1.0, 1.0], "name": "Gene: JUND", "clust": 10, "rank": 15, "ini": 16, "rankvar": 7}, {"group": [14.0, 12.0, 8.0, 5.0, 3.0, 2.0, 2.0, 1.0, 1.0, 1.0, 1.0], "name": "Gene: HHIP", "clust": 14, "rank": 14, "ini": 15, "rankvar": 14}, {"group": [13.0, 12.0, 8.0, 5.0, 3.0, 2.0, 2.0, 1.0, 1.0, 1.0, 1.0], "name": "Gene: ATP11A", "clust": 16, "rank": 13, "ini": 14, "rankvar": 15}, {"group": [15.0, 12.0, 8.0, 5.0, 3.0, 2.0, 2.0, 1.0, 1.0, 1.0, 1.0], "name": "Gene: PPARG", "clust": 13, "rank": 12, "ini": 13, "rankvar": 12}, {"group": [8.0, 8.0, 5.0, 3.0, 2.0, 2.0, 2.0, 1.0, 1.0, 1.0, 1.0], "name": "Gene: PRKAR2A", "clust": 7, "rank": 11, "ini": 12, "rankvar": 3}, {"group": [1.0, 1.0, 1.0, 1.0, 1.0, 1.0, 1.0, 1.0, 1.0, 1.0, 1.0], "name": "Gene: MMP12", "clust": 0, "rank": 10, "ini": 11, "rankvar": 1}, {"group": [11.0, 11.0, 7.0, 4.0, 3.0, 2.0, 2.0, 1.0, 1.0, 1.0, 1.0], "name": "Gene: TNF", "clust": 11, "rank": 9, "ini": 10, "rankvar": 2}, {"group": [5.0, 5.0, 3.0, 2.0, 1.0, 1.0, 1.0, 1.0, 1.0, 1.0, 1.0], "name": "Gene: STX8", "clust": 5, "rank": 0, "ini": 9, "rankvar": 17}, {"group": [3.0, 3.0, 2.0, 2.0, 1.0, 1.0, 1.0, 1.0, 1.0, 1.0, 1.0], "name": "Gene: JUNB", "clust": 2, "rank": 8, "ini": 8, "rankvar": 10}, {"group": [18.0, 14.0, 8.0, 5.0, 3.0, 2.0, 2.0, 1.0, 1.0, 1.0, 1.0], "name": "Gene: UBR4", "clust": 17, "rank": 7, "ini": 7, "rankvar": 18}, {"group": [2.0, 2.0, 1.0, 1.0, 1.0, 1.0, 1.0, 1.0, 1.0, 1.0, 1.0], "name": "Gene: MMP9", "clust": 1, "rank": 6, "ini": 6, "rankvar": 6}, {"group": [20.0, 16.0, 9.0, 6.0, 4.0, 2.0, 2.0, 1.0, 1.0, 1.0, 1.0], "name": "Gene: CHRNA5", "clust": 9, "rank": 5, "ini": 5, "rankvar": 0}, {"group": [7.0, 7.0, 4.0, 2.0, 1.0, 1.0, 1.0, 1.0, 1.0, 1.0, 1.0], "name": "Gene: FOXF1", "clust": 4, "rank": 1, "ini": 4, "rankvar": 8}, {"group": [4.0, 4.0, 2.0, 2.0, 1.0, 1.0, 1.0, 1.0, 1.0, 1.0, 1.0], "name": "Gene: FRZB", "clust": 3, "rank": 4, "ini": 3, "rankvar": 9}, {"group": [9.0, 9.0, 6.0, 3.0, 2.0, 2.0, 2.0, 1.0, 1.0, 1.0, 1.0], "name": "Gene: DSP", "clust": 8, "rank": 3, "ini": 2, "rankvar": 5}, {"group": [6.0, 6.0, 3.0, 2.0, 1.0, 1.0, 1.0, 1.0, 1.0, 1.0, 1.0], "name": "Gene: HYKK", "clust": 6, "rank": 2, "ini": 1, "rankvar": 13}], "col_nodes": [{"group": [8.0, 8.0, 5.0, 3.0, 2.0, 2.0, 2.0, 1.0, 1.0, 1.0, 1.0], "name": "Gene: ATP11A", "clust": 10, "rank": 15, "ini": 21, "rankvar": 16}, {"group": [9.0, 8.0, 5.0, 3.0, 2.0, 2.0, 2.0, 1.0, 1.0, 1.0, 1.0], "name": "Gene: CFTR", "clust": 11, "rank": 19, "ini": 20, "rankvar": 20}, {"group": [21.0, 17.0, 10.0, 7.0, 4.0, 2.0, 2.0, 1.0, 1.0, 1.0, 1.0], "name": "Gene: CHRNA5", "clust": 17, "rank": 5, "ini": 19, "rankvar": 1}, {"group": [18.0, 14.0, 7.0, 5.0, 3.0, 2.0, 2.0, 1.0, 1.0, 1.0, 1.0], "name": "Gene: DSP", "clust": 19, "rank": 4, "ini": 18, "rankvar": 6}, {"group": [15.0, 11.0, 5.0, 3.0, 2.0, 2.0, 2.0, 1.0, 1.0, 1.0, 1.0], "name": "Gene: FGG", "clust": 7, "rank": 20, "ini": 17, "rankvar": 5}, {"group": [7.0, 7.0, 4.0, 2.0, 1.0, 1.0, 1.0, 1.0, 1.0, 1.0, 1.0], "name": "Gene: FOXF1", "clust": 4, "rank": 1, "ini": 16, "rankvar": 11}, {"group": [3.0, 3.0, 2.0, 2.0, 1.0, 1.0, 1.0, 1.0, 1.0, 1.0, 1.0], "name": "Gene: FRZB", "clust": 2, "rank": 6, "ini": 15, "rankvar": 9}, {"group": [10.0, 8.0, 5.0, 3.0, 2.0, 2.0, 2.0, 1.0, 1.0, 1.0, 1.0], "name": "Gene: HHIP", "clust": 9, "rank": 16, "ini": 14, "rankvar": 13}, {"group": [5.0, 5.0, 3.0, 2.0, 1.0, 1.0, 1.0, 1.0, 1.0, 1.0, 1.0], "name": "Gene: HYKK", "clust": 5, "rank": 2, "ini": 13, "rankvar": 15}, {"group": [12.0, 9.0, 5.0, 3.0, 2.0, 2.0, 2.0, 1.0, 1.0, 1.0, 1.0], "name": "Gene: JUN", "clust": 13, "rank": 18, "ini": 12, "rankvar": 17}, {"group": [4.0, 4.0, 2.0, 2.0, 1.0, 1.0, 1.0, 1.0, 1.0, 1.0, 1.0], "name": "Gene: JUNB", "clust": 3, "rank": 12, "ini": 11, "rankvar": 10}, {"group": [16.0, 12.0, 6.0, 4.0, 2.0, 2.0, 2.0, 1.0, 1.0, 1.0, 1.0], "name": "Gene: JUND", "clust": 15, "rank": 14, "ini": 10, "rankvar": 8}, {"group": [1.0, 1.0, 1.0, 1.0, 1.0, 1.0, 1.0, 1.0, 1.0, 1.0, 1.0], "name": "Gene: MMP12", "clust": 0, "rank": 10, "ini": 9, "rankvar": 2}, {"group": [20.0, 16.0, 9.0, 6.0, 3.0, 2.0, 2.0, 1.0, 1.0, 1.0, 1.0], "name": "Gene: MMP8", "clust": 18, "rank": 3, "ini": 8, "rankvar": 0}, {"group": [2.0, 2.0, 1.0, 1.0, 1.0, 1.0, 1.0, 1.0, 1.0, 1.0, 1.0], "name": "Gene: MMP9", "clust": 1, "rank": 7, "ini": 7, "rankvar": 7}, {"group": [11.0, 8.0, 5.0, 3.0, 2.0, 2.0, 2.0, 1.0, 1.0, 1.0, 1.0], "name": "Gene: PPARG", "clust": 8, "rank": 13, "ini": 6, "rankvar": 14}, {"group": [19.0, 15.0, 8.0, 5.0, 3.0, 2.0, 2.0, 1.0, 1.0, 1.0, 1.0], "name": "Gene: PRKAR2A", "clust": 20, "rank": 9, "ini": 5, "rankvar": 4}, {"group": [13.0, 9.0, 5.0, 3.0, 2.0, 2.0, 2.0, 1.0, 1.0, 1.0, 1.0], "name": "Gene: SERPINE1", "clust": 14, "rank": 17, "ini": 4, "rankvar": 12}, {"group": [6.0, 6.0, 3.0, 2.0, 1.0, 1.0, 1.0, 1.0, 1.0, 1.0, 1.0], "name": "Gene: STX8", "clust": 6, "rank": 0, "ini": 3, "rankvar": 18}, {"group": [17.0, 13.0, 6.0, 4.0, 2.0, 2.0, 2.0, 1.0, 1.0, 1.0, 1.0], "name": "Gene: TNF", "clust": 16, "rank": 11, "ini": 2, "rankvar": 3}, {"group": [14.0, 10.0, 5.0, 3.0, 2.0, 2.0, 2.0, 1.0, 1.0, 1.0, 1.0], "name": "Gene: UBR4", "clust": 12, "rank": 8, "ini": 1, "rankvar": 19}]}}, {"N_row_sum": 10, "dist": "cos", "nodes": {"row_nodes": [{"group": [7.0, 5.0, 3.0, 1.0, 1.0, 1.0, 1.0, 1.0, 1.0, 1.0, 1.0], "name": "Gene: FGG", "clust": 1, "rank": 9, "ini": 10, "rankvar": 2}, {"group": [1.0, 1.0, 1.0, 1.0, 1.0, 1.0, 1.0, 1.0, 1.0, 1.0, 1.0], "name": "Gene: SERPINE1", "clust": 2, "rank": 8, "ini": 9, "rankvar": 4}, {"group": [3.0, 3.0, 2.0, 1.0, 1.0, 1.0, 1.0, 1.0, 1.0, 1.0, 1.0], "name": "Gene: CFTR", "clust": 6, "rank": 7, "ini": 8, "rankvar": 9}, {"group": [2.0, 2.0, 1.0, 1.0, 1.0, 1.0, 1.0, 1.0, 1.0, 1.0, 1.0], "name": "Gene: JUN", "clust": 3, "rank": 6, "ini": 7, "rankvar": 8}, {"group": [8.0, 6.0, 4.0, 2.0, 2.0, 2.0, 1.0, 1.0, 1.0, 1.0, 1.0], "name": "Gene: JUND", "clust": 0, "rank": 5, "ini": 6, "rankvar": 3}, {"group": [5.0, 3.0, 2.0, 1.0, 1.0, 1.0, 1.0, 1.0, 1.0, 1.0, 1.0], "name": "Gene: HHIP", "clust": 5, "rank": 4, "ini": 5, "rankvar": 6}, {"group": [4.0, 3.0, 2.0, 1.0, 1.0, 1.0, 1.0, 1.0, 1.0, 1.0, 1.0], "name": "Gene: ATP11A", "clust": 7, "rank": 3, "ini": 4, "rankvar": 7}, {"group": [6.0, 4.0, 2.0, 1.0, 1.0, 1.0, 1.0, 1.0, 1.0, 1.0, 1.0], "name": "Gene: PPARG", "clust": 4, "rank": 2, "ini": 3, "rankvar": 5}, {"group": [9.0, 7.0, 5.0, 3.0, 3.0, 3.0, 2.0, 2.0, 1.0, 1.0, 1.0], "name": "Gene: PRKAR2A", "clust": 8, "rank": 1, "ini": 2, "rankvar": 1}, {"group": [10.0, 8.0, 6.0, 4.0, 4.0, 4.0, 3.0, 2.0, 1.0, 1.0, 1.0], "name": "Gene: MMP12", "clust": 9, "rank": 0, "ini": 1, "rankvar": 0}], "col_nodes": [{"group": [5.0, 2.0, 2.0, 1.0, 1.0, 1.0, 1.0, 1.0, 1.0, 1.0, 1.0], "name": "Gene: ATP11A", "clust": 7, "rank": 19, "ini": 21, "rankvar": 20}, {"group": [6.0, 2.0, 2.0, 1.0, 1.0, 1.0, 1.0, 1.0, 1.0, 1.0, 1.0], "name": "Gene: CFTR", "clust": 8, "rank": 20, "ini": 20, "rankvar": 16}, {"group": [11.0, 5.0, 3.0, 2.0, 1.0, 1.0, 1.0, 1.0, 1.0, 1.0, 1.0], "name": "Gene: CHRNA5", "clust": 0, "rank": 7, "ini": 19, "rankvar": 0}, {"group": [12.0, 6.0, 4.0, 3.0, 2.0, 2.0, 2.0, 1.0, 1.0, 1.0, 1.0], "name": "Gene: DSP", "clust": 12, "rank": 6, "ini": 18, "rankvar": 2}, {"group": [9.0, 3.0, 2.0, 1.0, 1.0, 1.0, 1.0, 1.0, 1.0, 1.0, 1.0], "name": "Gene: FGG", "clust": 9, "rank": 16, "ini": 17, "rankvar": 9}, {"group": [17.0, 9.0, 6.0, 5.0, 3.0, 3.0, 2.0, 1.0, 1.0, 1.0, 1.0], "name": "Gene: FOXF1", "clust": 14, "rank": 2, "ini": 16, "rankvar": 1}, {"group": [18.0, 10.0, 7.0, 6.0, 3.0, 3.0, 2.0, 1.0, 1.0, 1.0, 1.0], "name": "Gene: FRZB", "clust": 19, "rank": 3, "ini": 15, "rankvar": 4}, {"group": [7.0, 2.0, 2.0, 1.0, 1.0, 1.0, 1.0, 1.0, 1.0, 1.0, 1.0], "name": "Gene: HHIP", "clust": 6, "rank": 17, "ini": 14, "rankvar": 18}, {"group": [15.0, 9.0, 6.0, 5.0, 3.0, 3.0, 2.0, 1.0, 1.0, 1.0, 1.0], "name": "Gene: HYKK", "clust": 15, "rank": 1, "ini": 13, "rankvar": 8}, {"group": [3.0, 2.0, 2.0, 1.0, 1.0, 1.0, 1.0, 1.0, 1.0, 1.0, 1.0], "name": "Gene: JUN", "clust": 3, "rank": 18, "ini": 12, "rankvar": 13}, {"group": [20.0, 11.0, 8.0, 6.0, 3.0, 3.0, 2.0, 1.0, 1.0, 1.0, 1.0], "name": "Gene: JUNB", "clust": 18, "rank": 8, "ini": 11, "rankvar": 10}, {"group": [1.0, 1.0, 1.0, 1.0, 1.0, 1.0, 1.0, 1.0, 1.0, 1.0, 1.0], "name": "Gene: JUND", "clust": 1, "rank": 12, "ini": 10, "rankvar": 19}, {"group": [21.0, 12.0, 9.0, 6.0, 3.0, 3.0, 2.0, 1.0, 1.0, 1.0, 1.0], "name": "Gene: MMP12", "clust": 17, "rank": 10, "ini": 9, "rankvar": 15}, {"group": [14.0, 8.0, 5.0, 4.0, 2.0, 2.0, 2.0, 1.0, 1.0, 1.0, 1.0], "name": "Gene: MMP8", "clust": 11, "rank": 5, "ini": 8, "rankvar": 5}, {"group": [19.0, 10.0, 7.0, 6.0, 3.0, 3.0, 2.0, 1.0, 1.0, 1.0, 1.0], "name": "Gene: MMP9", "clust": 20, "rank": 4, "ini": 7, "rankvar": 11}, {"group": [8.0, 2.0, 2.0, 1.0, 1.0, 1.0, 1.0, 1.0, 1.0, 1.0, 1.0], "name": "Gene: PPARG", "clust": 5, "rank": 14, "ini": 6, "rankvar": 14}, {"group": [13.0, 7.0, 4.0, 3.0, 2.0, 2.0, 2.0, 1.0, 1.0, 1.0, 1.0], "name": "Gene: PRKAR2A", "clust": 13, "rank": 11, "ini": 5, "rankvar": 17}, {"group": [10.0, 4.0, 2.0, 1.0, 1.0, 1.0, 1.0, 1.0, 1.0, 1.0, 1.0], "name": "Gene: SERPINE1", "clust": 10, "rank": 15, "ini": 4, "rankvar": 12}, {"group": [16.0, 9.0, 6.0, 5.0, 3.0, 3.0, 2.0, 1.0, 1.0, 1.0, 1.0], "name": "Gene: STX8", "clust": 16, "rank": 0, "ini": 3, "rankvar": 6}, {"group": [2.0, 1.0, 1.0, 1.0, 1.0, 1.0, 1.0, 1.0, 1.0, 1.0, 1.0], "name": "Gene: TNF", "clust": 2, "rank": 9, "ini": 2, "rankvar": 3}, {"group": [4.0, 2.0, 2.0, 1.0, 1.0, 1.0, 1.0, 1.0, 1.0, 1.0, 1.0], "name": "Gene: UBR4", "clust": 4, "rank": 13, "ini": 1, "rankvar": 7}]}}], "cat_colors": {"col": {}, "row": {}}, "row_nodes": [{"group": [10.0, 10.0, 6.0, 4.0, 2.0, 2.0, 2.0, 1.0, 1.0, 1.0, 1.0], "name": "Gene: ATP11A", "clust": 12, "rank": 14, "ini": 21, "rankvar": 16}, {"group": [11.0, 10.0, 6.0, 4.0, 2.0, 2.0, 2.0, 1.0, 1.0, 1.0, 1.0], "name": "Gene: CFTR", "clust": 13, "rank": 18, "ini": 20, "rankvar": 20}, {"group": [21.0, 17.0, 10.0, 7.0, 4.0, 2.0, 2.0, 1.0, 1.0, 1.0, 1.0], "name": "Gene: CHRNA5", "clust": 17, "rank": 6, "ini": 19, "rankvar": 0}, {"group": [18.0, 14.0, 7.0, 5.0, 3.0, 2.0, 2.0, 1.0, 1.0, 1.0, 1.0], "name": "Gene: DSP", "clust": 19, "rank": 4, "ini": 18, "rankvar": 5}, {"group": [17.0, 13.0, 6.0, 4.0, 2.0, 2.0, 2.0, 1.0, 1.0, 1.0, 1.0], "name": "Gene: FGG", "clust": 9, "rank": 20, "ini": 17, "rankvar": 4}, {"group": [7.0, 7.0, 4.0, 2.0, 1.0, 1.0, 1.0, 1.0, 1.0, 1.0, 1.0], "name": "Gene: FOXF1", "clust": 4, "rank": 1, "ini": 16, "rankvar": 9}, {"group": [3.0, 3.0, 2.0, 2.0, 1.0, 1.0, 1.0, 1.0, 1.0, 1.0, 1.0], "name": "Gene: FRZB", "clust": 2, "rank": 5, "ini": 15, "rankvar": 10}, {"group": [12.0, 10.0, 6.0, 4.0, 2.0, 2.0, 2.0, 1.0, 1.0, 1.0, 1.0], "name": "Gene: HHIP", "clust": 11, "rank": 15, "ini": 14, "rankvar": 15}, {"group": [5.0, 5.0, 3.0, 2.0, 1.0, 1.0, 1.0, 1.0, 1.0, 1.0, 1.0], "name": "Gene: HYKK", "clust": 5, "rank": 2, "ini": 13, "rankvar": 14}, {"group": [14.0, 11.0, 6.0, 4.0, 2.0, 2.0, 2.0, 1.0, 1.0, 1.0, 1.0], "name": "Gene: JUN", "clust": 15, "rank": 17, "ini": 12, "rankvar": 17}, {"group": [4.0, 4.0, 2.0, 2.0, 1.0, 1.0, 1.0, 1.0, 1.0, 1.0, 1.0], "name": "Gene: JUNB", "clust": 3, "rank": 9, "ini": 11, "rankvar": 11}, {"group": [8.0, 8.0, 5.0, 3.0, 2.0, 2.0, 2.0, 1.0, 1.0, 1.0, 1.0], "name": "Gene: JUND", "clust": 7, "rank": 16, "ini": 10, "rankvar": 8}, {"group": [1.0, 1.0, 1.0, 1.0, 1.0, 1.0, 1.0, 1.0, 1.0, 1.0, 1.0], "name": "Gene: MMP12", "clust": 0, "rank": 11, "ini": 9, "rankvar": 1}, {"group": [20.0, 16.0, 9.0, 6.0, 3.0, 2.0, 2.0, 1.0, 1.0, 1.0, 1.0], "name": "Gene: MMP8", "clust": 18, "rank": 3, "ini": 8, "rankvar": 6}, {"group": [2.0, 2.0, 1.0, 1.0, 1.0, 1.0, 1.0, 1.0, 1.0, 1.0, 1.0], "name": "Gene: MMP9", "clust": 1, "rank": 7, "ini": 7, "rankvar": 7}, {"group": [13.0, 10.0, 6.0, 4.0, 2.0, 2.0, 2.0, 1.0, 1.0, 1.0, 1.0], "name": "Gene: PPARG", "clust": 10, "rank": 13, "ini": 6, "rankvar": 13}, {"group": [19.0, 15.0, 8.0, 5.0, 3.0, 2.0, 2.0, 1.0, 1.0, 1.0, 1.0], "name": "Gene: PRKAR2A", "clust": 20, "rank": 12, "ini": 5, "rankvar": 3}, {"group": [15.0, 11.0, 6.0, 4.0, 2.0, 2.0, 2.0, 1.0, 1.0, 1.0, 1.0], "name": "Gene: SERPINE1", "clust": 16, "rank": 19, "ini": 4, "rankvar": 12}, {"group": [6.0, 6.0, 3.0, 2.0, 1.0, 1.0, 1.0, 1.0, 1.0, 1.0, 1.0], "name": "Gene: STX8", "clust": 6, "rank": 0, "ini": 3, "rankvar": 18}, {"group": [9.0, 9.0, 5.0, 3.0, 2.0, 2.0, 2.0, 1.0, 1.0, 1.0, 1.0], "name": "Gene: TNF", "clust": 8, "rank": 10, "ini": 2, "rankvar": 2}, {"group": [16.0, 12.0, 6.0, 4.0, 2.0, 2.0, 2.0, 1.0, 1.0, 1.0, 1.0], "name": "Gene: UBR4", "clust": 14, "rank": 8, "ini": 1, "rankvar": 19}], "col_nodes": [{"group": [10.0, 10.0, 6.0, 4.0, 2.0, 2.0, 2.0, 1.0, 1.0, 1.0, 1.0], "name": "Gene: ATP11A", "clust": 12, "rank": 14, "ini": 21, "rankvar": 16}, {"group": [11.0, 10.0, 6.0, 4.0, 2.0, 2.0, 2.0, 1.0, 1.0, 1.0, 1.0], "name": "Gene: CFTR", "clust": 13, "rank": 18, "ini": 20, "rankvar": 20}, {"group": [21.0, 17.0, 10.0, 7.0, 4.0, 2.0, 2.0, 1.0, 1.0, 1.0, 1.0], "name": "Gene: CHRNA5", "clust": 17, "rank": 6, "ini": 19, "rankvar": 0}, {"group": [18.0, 14.0, 7.0, 5.0, 3.0, 2.0, 2.0, 1.0, 1.0, 1.0, 1.0], "name": "Gene: DSP", "clust": 19, "rank": 4, "ini": 18, "rankvar": 5}, {"group": [17.0, 13.0, 6.0, 4.0, 2.0, 2.0, 2.0, 1.0, 1.0, 1.0, 1.0], "name": "Gene: FGG", "clust": 9, "rank": 20, "ini": 17, "rankvar": 4}, {"group": [7.0, 7.0, 4.0, 2.0, 1.0, 1.0, 1.0, 1.0, 1.0, 1.0, 1.0], "name": "Gene: FOXF1", "clust": 4, "rank": 1, "ini": 16, "rankvar": 9}, {"group": [3.0, 3.0, 2.0, 2.0, 1.0, 1.0, 1.0, 1.0, 1.0, 1.0, 1.0], "name": "Gene: FRZB", "clust": 2, "rank": 5, "ini": 15, "rankvar": 10}, {"group": [12.0, 10.0, 6.0, 4.0, 2.0, 2.0, 2.0, 1.0, 1.0, 1.0, 1.0], "name": "Gene: HHIP", "clust": 11, "rank": 15, "ini": 14, "rankvar": 15}, {"group": [5.0, 5.0, 3.0, 2.0, 1.0, 1.0, 1.0, 1.0, 1.0, 1.0, 1.0], "name": "Gene: HYKK", "clust": 5, "rank": 2, "ini": 13, "rankvar": 14}, {"group": [14.0, 11.0, 6.0, 4.0, 2.0, 2.0, 2.0, 1.0, 1.0, 1.0, 1.0], "name": "Gene: JUN", "clust": 15, "rank": 17, "ini": 12, "rankvar": 17}, {"group": [4.0, 4.0, 2.0, 2.0, 1.0, 1.0, 1.0, 1.0, 1.0, 1.0, 1.0], "name": "Gene: JUNB", "clust": 3, "rank": 9, "ini": 11, "rankvar": 11}, {"group": [8.0, 8.0, 5.0, 3.0, 2.0, 2.0, 2.0, 1.0, 1.0, 1.0, 1.0], "name": "Gene: JUND", "clust": 7, "rank": 16, "ini": 10, "rankvar": 8}, {"group": [1.0, 1.0, 1.0, 1.0, 1.0, 1.0, 1.0, 1.0, 1.0, 1.0, 1.0], "name": "Gene: MMP12", "clust": 0, "rank": 11, "ini": 9, "rankvar": 1}, {"group": [20.0, 16.0, 9.0, 6.0, 3.0, 2.0, 2.0, 1.0, 1.0, 1.0, 1.0], "name": "Gene: MMP8", "clust": 18, "rank": 3, "ini": 8, "rankvar": 6}, {"group": [2.0, 2.0, 1.0, 1.0, 1.0, 1.0, 1.0, 1.0, 1.0, 1.0, 1.0], "name": "Gene: MMP9", "clust": 1, "rank": 7, "ini": 7, "rankvar": 7}, {"group": [13.0, 10.0, 6.0, 4.0, 2.0, 2.0, 2.0, 1.0, 1.0, 1.0, 1.0], "name": "Gene: PPARG", "clust": 10, "rank": 13, "ini": 6, "rankvar": 13}, {"group": [19.0, 15.0, 8.0, 5.0, 3.0, 2.0, 2.0, 1.0, 1.0, 1.0, 1.0], "name": "Gene: PRKAR2A", "clust": 20, "rank": 12, "ini": 5, "rankvar": 3}, {"group": [15.0, 11.0, 6.0, 4.0, 2.0, 2.0, 2.0, 1.0, 1.0, 1.0, 1.0], "name": "Gene: SERPINE1", "clust": 16, "rank": 19, "ini": 4, "rankvar": 12}, {"group": [6.0, 6.0, 3.0, 2.0, 1.0, 1.0, 1.0, 1.0, 1.0, 1.0, 1.0], "name": "Gene: STX8", "clust": 6, "rank": 0, "ini": 3, "rankvar": 18}, {"group": [9.0, 9.0, 5.0, 3.0, 2.0, 2.0, 2.0, 1.0, 1.0, 1.0, 1.0], "name": "Gene: TNF", "clust": 8, "rank": 10, "ini": 2, "rankvar": 2}, {"group": [16.0, 12.0, 6.0, 4.0, 2.0, 2.0, 2.0, 1.0, 1.0, 1.0, 1.0], "name": "Gene: UBR4", "clust": 14, "rank": 8, "ini": 1, "rankvar": 19}]}