{"mat": [[1.0, 0.5053720413285152, -0.10156479494584736, 0.2576719662437973, 0.10337086438996013, -0.18454081976145087, 0.1287380268001711, -0.1945373778553643, 0.43554020400371196, 0.0], [0.5053720413285152, 1.0, 0.10538069832705776, -0.19171734409757835, 0.0, -0.3260118315398859, 0.27107036541151386, 0.0, 0.3906262544104462, -0.10106412055848835], [-0.10156479494584736, 0.10538069832705776, 1.0, 0.0, 0.14458901413593062, 0.0, 0.5176214355967067, 0.4840842836895216, -0.329590592269843, 0.0], [0.2576719662437973, -0.19171734409757835, 0.0, 1.0, 0.0, 0.3296492534314299, 0.2644280748260177, -0.2661621421283371, 0.29257290509958844, 0.10290236811291165], [0.10337086438996013, 0.0, 0.14458901413593062, 0.0, 1.0, 0.132594666850674, 0.1358195980028939, 0.10435485568594582, -0.14278987804448295, 0.35916454713714097], [-0.18454081976145087, -0.3260118315398859, 0.0, 0.3296492534314299, 0.132594666850674, 1.0, -0.11428784937337699, -0.15391211190076937, -0.11259919517857297, 0.1037844971964722], [0.1287380268001711, 0.27107036541151386, 0.5176214355967067, 0.2644280748260177, 0.1358195980028939, -0.11428784937337699, 1.0, 0.14767761297091675, 0.0, 0.0], [-0.1945373778553643, 0.0, 0.4840842836895216, -0.2661621421283371, 0.10435485568594582, -0.15391211190076937, 0.14767761297091675, 1.0, -0.3189569390467102, 0.1864756117395452], [0.43554020400371196, 0.3906262544104462, -0.329590592269843, 0.29257290509958844, -0.14278987804448295, -0.11259919517857297, 0.0, -0.3189569390467102, 1.0, 0.0], [0.0, -0.10106412055848835, 0.0, 0.10290236811291165, 0.35916454713714097, 0.1037844971964722, 0.0, 0.1864756117395452, 0.0, 1.0]], "links": [], "views": [{"N_row_sum": "all", "dist": "cos", "nodes": {"row_nodes": [{"group": [1.0, 1.0, 1.0, 1.0, 1.0, 1.0, 1.0, 1.0, 1.0, 1.0, 1.0], "name": "Gene: FOXF1", "clust": 1, "rank": 8, "ini": 10, "rankvar": 4}, {"group": [3.0, 3.0, 2.0, 1.0, 1.0, 1.0, 1.0, 1.0, 1.0, 1.0, 1.0], "name": "Gene: GATA2", "clust": 0, "rank": 4, "ini": 9, "rankvar": 7}, {"group": [8.0, 8.0, 7.0, 5.0, 4.0, 3.0, 3.0, 1.0, 1.0, 1.0, 1.0], "name": "Gene: HHIP", "clust": 8, "rank": 6, "ini": 8, "rankvar": 6}, {"group": [4.0, 4.0, 3.0, 2.0, 2.0, 2.0, 2.0, 1.0, 1.0, 1.0, 1.0], "name": "Gene: IFNAR1", "clust": 3, "rank": 5, "ini": 7, "rankvar": 3}, {"group": [6.0, 6.0, 5.0, 4.0, 3.0, 3.0, 3.0, 1.0, 1.0, 1.0, 1.0], "name": "Gene: JUND", "clust": 5, "rank": 7, "ini": 6, "rankvar": 0}, {"group": [5.0, 5.0, 4.0, 3.0, 2.0, 2.0, 2.0, 1.0, 1.0, 1.0, 1.0], "name": "Gene: MMP12", "clust": 4, "rank": 0, "ini": 5, "rankvar": 5}, {"group": [10.0, 10.0, 8.0, 5.0, 4.0, 3.0, 3.0, 1.0, 1.0, 1.0, 1.0], "name": "Gene: MYH10", "clust": 7, "rank": 9, "ini": 4, "rankvar": 2}, {"group": [9.0, 9.0, 7.0, 5.0, 4.0, 3.0, 3.0, 1.0, 1.0, 1.0, 1.0], "name": "Gene: PPARG", "clust": 9, "rank": 1, "ini": 3, "rankvar": 8}, {"group": [2.0, 2.0, 1.0, 1.0, 1.0, 1.0, 1.0, 1.0, 1.0, 1.0, 1.0], "name": "Gene: TGFBR3", "clust": 2, "rank": 2, "ini": 2, "rankvar": 9}, {"group": [7.0, 7.0, 6.0, 4.0, 3.0, 3.0, 3.0, 1.0, 1.0, 1.0, 1.0], "name": "Gene: TNF", "clust": 6, "rank": 3, "ini": 1, "rankvar": 1}], "col_nodes": [{"group": [1.0, 1.0, 1.0, 1.0, 1.0, 1.0, 1.0, 1.0, 1.0, 1.0, 1.0], "name": "Gene: FOXF1", "clust": 1, "rank": 8, "ini": 10, "rankvar": 4}, {"group": [3.0, 3.0, 2.0, 1.0, 1.0, 1.0, 1.0, 1.0, 1.0, 1.0, 1.0], "name": "Gene: GATA2", "clust": 0, "rank": 4, "ini": 9, "rankvar": 7}, {"group": [8.0, 8.0, 7.0, 5.0, 4.0, 3.0, 3.0, 1.0, 1.0, 1.0, 1.0], "name": "Gene: HHIP", "clust": 8, "rank": 6, "ini": 8, "rankvar": 6}, {"group": [4.0, 4.0, 3.0, 2.0, 2.0, 2.0, 2.0, 1.0, 1.0, 1.0, 1.0], "name": "Gene: IFNAR1", "clust": 3, "rank": 5, "ini": 7, "rankvar": 3}, {"group": [6.0, 6.0, 5.0, 4.0, 3.0, 3.0, 3.0, 1.0, 1.0, 1.0, 1.0], "name": "Gene: JUND", "clust": 5, "rank": 7, "ini": 6, "rankvar": 0}, {"group": [5.0, 5.0, 4.0, 3.0, 2.0, 2.0, 2.0, 1.0, 1.0, 1.0, 1.0], "name": "Gene: MMP12", "clust": 4, "rank": 0, "ini": 5, "rankvar": 5}, {"group": [10.0, 10.0, 8.0, 5.0, 4.0, 3.0, 3.0, 1.0, 1.0, 1.0, 1.0], "name": "Gene: MYH10", "clust": 7, "rank": 9, "ini": 4, "rankvar": 2}, {"group": [9.0, 9.0, 7.0, 5.0, 4.0, 3.0, 3.0, 1.0, 1.0, 1.0, 1.0], "name": "Gene: PPARG", "clust": 9, "rank": 1, "ini": 3, "rankvar": 8}, {"group": [2.0, 2.0, 1.0, 1.0, 1.0, 1.0, 1.0, 1.0, 1.0, 1.0, 1.0], "name": "Gene: TGFBR3", "clust": 2, "rank": 2, "ini": 2, "rankvar": 9}, {"group": [7.0, 7.0, 6.0, 4.0, 3.0, 3.0, 3.0, 1.0, 1.0, 1.0, 1.0], "name": "Gene: TNF", "clust": 6, "rank": 3, "ini": 1, "rankvar": 1}]}}], "cat_colors": {"col": {}, "row": {}}, "row_nodes": [{"group": [1.0, 1.0, 1.0, 1.0, 1.0, 1.0, 1.0, 1.0, 1.0, 1.0, 1.0], "name": "Gene: FOXF1", "clust": 1, "rank": 8, "ini": 10, "rankvar": 4}, {"group": [3.0, 3.0, 2.0, 1.0, 1.0, 1.0, 1.0, 1.0, 1.0, 1.0, 1.0], "name": "Gene: GATA2", "clust": 0, "rank": 4, "ini": 9, "rankvar": 7}, {"group": [8.0, 8.0, 7.0, 5.0, 4.0, 3.0, 3.0, 1.0, 1.0, 1.0, 1.0], "name": "Gene: HHIP", "clust": 8, "rank": 6, "ini": 8, "rankvar": 6}, {"group": [4.0, 4.0, 3.0, 2.0, 2.0, 2.0, 2.0, 1.0, 1.0, 1.0, 1.0], "name": "Gene: IFNAR1", "clust": 3, "rank": 5, "ini": 7, "rankvar": 3}, {"group": [6.0, 6.0, 5.0, 4.0, 3.0, 3.0, 3.0, 1.0, 1.0, 1.0, 1.0], "name": "Gene: JUND", "clust": 5, "rank": 7, "ini": 6, "rankvar": 0}, {"group": [5.0, 5.0, 4.0, 3.0, 2.0, 2.0, 2.0, 1.0, 1.0, 1.0, 1.0], "name": "Gene: MMP12", "clust": 4, "rank": 0, "ini": 5, "rankvar": 5}, {"group": [10.0, 10.0, 8.0, 5.0, 4.0, 3.0, 3.0, 1.0, 1.0, 1.0, 1.0], "name": "Gene: MYH10", "clust": 7, "rank": 9, "ini": 4, "rankvar": 2}, {"group": [9.0, 9.0, 7.0, 5.0, 4.0, 3.0, 3.0, 1.0, 1.0, 1.0, 1.0], "name": "Gene: PPARG", "clust": 9, "rank": 1, "ini": 3, "rankvar": 8}, {"group": [2.0, 2.0, 1.0, 1.0, 1.0, 1.0, 1.0, 1.0, 1.0, 1.0, 1.0], "name": "Gene: TGFBR3", "clust": 2, "rank": 2, "ini": 2, "rankvar": 9}, {"group": [7.0, 7.0, 6.0, 4.0, 3.0, 3.0, 3.0, 1.0, 1.0, 1.0, 1.0], "name": "Gene: TNF", "clust": 6, "rank": 3, "ini": 1, "rankvar": 1}], "col_nodes": [{"group": [1.0, 1.0, 1.0, 1.0, 1.0, 1.0, 1.0, 1.0, 1.0, 1.0, 1.0], "name": "Gene: FOXF1", "clust": 1, "rank": 8, "ini": 10, "rankvar": 4}, {"group": [3.0, 3.0, 2.0, 1.0, 1.0, 1.0, 1.0, 1.0, 1.0, 1.0, 1.0], "name": "Gene: GATA2", "clust": 0, "rank": 4, "ini": 9, "rankvar": 7}, {"group": [8.0, 8.0, 7.0, 5.0, 4.0, 3.0, 3.0, 1.0, 1.0, 1.0, 1.0], "name": "Gene: HHIP", "clust": 8, "rank": 6, "ini": 8, "rankvar": 6}, {"group": [4.0, 4.0, 3.0, 2.0, 2.0, 2.0, 2.0, 1.0, 1.0, 1.0, 1.0], "name": "Gene: IFNAR1", "clust": 3, "rank": 5, "ini": 7, "rankvar": 3}, {"group": [6.0, 6.0, 5.0, 4.0, 3.0, 3.0, 3.0, 1.0, 1.0, 1.0, 1.0], "name": "Gene: JUND", "clust": 5, "rank": 7, "ini": 6, "rankvar": 0}, {"group": [5.0, 5.0, 4.0, 3.0, 2.0, 2.0, 2.0, 1.0, 1.0, 1.0, 1.0], "name": "Gene: MMP12", "clust": 4, "rank": 0, "ini": 5, "rankvar": 5}, {"group": [10.0, 10.0, 8.0, 5.0, 4.0, 3.0, 3.0, 1.0, 1.0, 1.0, 1.0], "name": "Gene: MYH10", "clust": 7, "rank": 9, "ini": 4, "rankvar": 2}, {"group": [9.0, 9.0, 7.0, 5.0, 4.0, 3.0, 3.0, 1.0, 1.0, 1.0, 1.0], "name": "Gene: PPARG", "clust": 9, "rank": 1, "ini": 3, "rankvar": 8}, {"group": [2.0, 2.0, 1.0, 1.0, 1.0, 1.0, 1.0, 1.0, 1.0, 1.0, 1.0], "name": "Gene: TGFBR3", "clust": 2, "rank": 2, "ini": 2, "rankvar": 9}, {"group": [7.0, 7.0, 6.0, 4.0, 3.0, 3.0, 3.0, 1.0, 1.0, 1.0, 1.0], "name": "Gene: TNF", "clust": 6, "rank": 3, "ini": 1, "rankvar": 1}]}